623785 7069.23
0 622201
604198 29449
665175 78981.1
464585 131141
425444 188135
439262 235912
370561 217608
505592 93011.1
137450 548636
395928 190732
126421 470347
258710 316656
112416 478690
578799 39541.1
582506 34908.9
345836 231526
139574 452143
540262 50938.1
247425 342198
382511 284141
23782 562122
365624 396579
494188 102484
154362 425904
489505 111852
599991 30380
59214.4 498975
488342 112539
44505.8 560935
84201.6 494142
142282 445726
456942 138955
236412 364737
336521 263526
330959 244789
112650 606092
395762 214230
343741 249072
539377 61486.9
154362 414423
95008.6 624738
426982 141951
324447 257600
418460 285340
543654 42092.5
248709 333818
176635 386619
127799 509378
208690 385077
466559 117119
225547 525831
249756 531180
154362 414423
287081 300833
134231 463739
4833.45 577688
1223.25 619651
314096 263235
198478 385691
232123 369022
462413 136149
303720 314966
375351 215441
132862 624295
208719 369800
166334 419970
178575 525806
208719 369800
47923.8 559852
238933 508149
333545 243253
337105 241676
461038 137177
48632.6 537547
152084 427640
218729 372273
244896 350973
513922 67475.1
11190.2 617431
171107 474781
415079 237013
290188 291189
414988 237241
310637 270092
104762 485549
227687 370491
146141 443962
20706.9 572689
148702 440548
126366 477231
336092 241845
508246 103943
532314 89736.8
570505 103279
164914 458888
144560 496297
220411 394594
26745.9 658456
155474 442861
