1249.9
1249.9
1249.9
1249.9
1249.9
1249.9
1249.9
1249.9
1249.9
1249.9
1249.9
1249.9
1249.9
1249.9
1249.9
1249.9
1249.9
1206.32
1206.32
1206.32
1206.32
1206.32
1206.32
1206.32
1206.32
1206.32
1206.32
1206.32
1206.32
1206.32
1178.2
1178.2
1178.2
1178.2
1151.44
1151.44
1151.44
1136.35
1136.35
1136.35
1136.35
1136.35
1136.35
1136.35
1122.71
1122.71
1122.71
1122.71
1122.71
1122.71
1106.27
1106.27
1106.27
1106.27
1106.27
1083.2
1000.47
1000.47
1000.47
1000.47
1000.47
1000.47
1000.47
1000.47
1000.47
1000.47
1000.47
1000.47
1000.47
1000.47
1000.47
1000.47
1000.47
1000.47
1000.47
1000.47
1000.47
1000.47
1000.47
1000.47
1000.47
1000.47
1000.47
1000.47
1000.47
1000.47
1000.47
1000.47
1000.47
1000.47
1000.47
1000.47
1000.47
1000.47
1000.47
1000.47
1000.47
1000.47
1000.47
1000.47
