1.50375e+06 10211.9
0 1.36449e+06
1.50454e+06 7937.57
85783.1 1.2256e+06
1.33981e+06 61111
571694 768435
705787 648064
904664 453012
1.16012e+06 158725
579798 847729
768721 547841
170298 1.21257e+06
893522 457036
1.12993e+06 229909
1.39844e+06 17000.6
126538 1.2042e+06
241763 1.0812e+06
585183 720983
814977 524895
1.26815e+06 71853.7
271734 1.06126e+06
909126 400300
621948 708130
1.11095e+06 361130
830863 495628
1.24096e+06 344915
714939 594131
981042 603800
1.05262e+06 270541
712726 618995
868412 626211
964429 388110
18967.4 1.31689e+06
327655 975609
1.16674e+06 462506
1.18789e+06 401451
766107 573217
826924 498187
1.1871e+06 99685.1
1.32183e+06 215851
421880 849764
797547 542521
529230 825116
260996 1.18022e+06
1.14783e+06 403233
432758 816924
1.11079e+06 377407
365297 930262
1.24427e+06 338492
967547 316086
1.13861e+06 178920
191246 1.40135e+06
1.37223e+06 17614.3
643651 671158
557869 777069
21832.4 1.26543e+06
484619 918706
507809 799971
623718 988744
144442 1.16759e+06
821118 745845
198540 1.10457e+06
265395 1.07395e+06
1.10234e+06 491991
307456 1.26701e+06
835673 711590
956182 608218
867941 648412
1.24266e+06 342396
619421 1.0106e+06
673325 651196
417024 1.06991e+06
226856 1.39742e+06
570124 1.06255e+06
835579 745721
72671.1 1.55512e+06
86663.2 1.44322e+06
355589 1.24129e+06
171887 1.12851e+06
1.0767e+06 258758
301784 1.22038e+06
841890 468142
919924 592321
606070 1.06216e+06
853778 744932
394740 875047
234959 1.39561e+06
276023 1.02518e+06
708484 623142
810013 531764
69206.3 1.25015e+06
307647 981054
608855 717901
1.1665e+06 108538
625358 677071
845173 748030
722297 727508
475972 1.00017e+06
417024 1.10263e+06
238044 1.14313e+06
