0 413001
420383 3707.42
259062 132836
102926 301879
209155 187231
76481.6 324004
238717 165026
341470 110623
142796 256309
80404.6 368324
400863 26873.8
259436 163223
335062 82766.4
352223 56527.2
244069 151806
108298 326037
44318.4 339818
21014.8 385560
487895 61728.6
10585.3 402812
173047 220592
109249 270105
413510 4750
294356 95902.2
195998 204936
12859.6 387317
57582.7 335778
412116 26143
65255.1 328933
450710 101900
147005 242674
82906.6 322125
273314 115510
35760.4 482092
130675 261138
158476 234862
287300 114377
287491 124832
199885 314051
197365 196425
212080 314901
87625.8 303862
287491 124832
36302 348179
359675 108739
3318.51 402901
41379.4 380623
290630 140524
40438.9 444187
242385 239416
180222 357616
318292 183740
40283.5 342617
333627 59684.5
83068.4 308293
59420.3 443887
115907 319962
105620 298605
130934 306664
134888 302142
35536.8 389733
327478 73369.8
370823 38913.3
369448 56006
220632 173950
43328.5 387496
142574 260272
166241 226790
146697 282106
41017.9 389168
385915 30211.2
148632 280677
321742 74570.5
158460 238676
30615.6 356353
101182 302748
413195 22301.7
158074 239658
356868 64355.9
189378 212906
39854.4 481626
110803 265857
293808 115618
379291 38634.2
72422.4 428060
110703 321125
83068.4 356034
41944.2 407977
88590.4 331980
108776 323791
95427.5 325052
154966 258879
104022 312502
72161.4 371591
334290 133352
47400.4 425166
41017.9 375525
95072.8 335334
139542 277711
28359.6 428303
