1.56594e+06
1.56594e+06
1.51652e+06
1.51652e+06
1.51652e+06
1.51652e+06
1.51652e+06
1.50492e+06
1.50492e+06
1.50492e+06
1.48855e+06
1.43209e+06
1.43209e+06
1.43209e+06
1.43209e+06
1.4261e+06
1.4261e+06
1.4261e+06
1.4261e+06
1.4261e+06
1.4261e+06
1.4261e+06
1.4261e+06
1.42241e+06
1.42065e+06
1.42065e+06
1.41671e+06
1.41671e+06
1.41648e+06
1.41648e+06
1.40958e+06
1.40958e+06
1.40958e+06
1.35094e+06
1.35094e+06
1.35094e+06
1.35094e+06
1.35094e+06
1.35094e+06
1.35094e+06
1.35094e+06
1.35094e+06
1.35094e+06
1.35094e+06
1.35094e+06
1.34628e+06
1.34628e+06
1.34628e+06
1.34628e+06
1.34628e+06
1.34628e+06
1.34628e+06
1.34628e+06
1.34628e+06
1.33939e+06
1.33437e+06
1.33437e+06
1.33437e+06
1.33437e+06
1.33437e+06
1.33437e+06
1.33437e+06
1.33437e+06
1.33012e+06
1.33012e+06
1.31138e+06
1.31138e+06
1.3083e+06
1.28961e+06
1.28961e+06
1.28961e+06
1.28961e+06
1.28961e+06
1.28961e+06
1.28961e+06
1.28961e+06
1.28961e+06
1.28961e+06
1.28961e+06
1.2793e+06
1.2793e+06
1.2793e+06
1.2793e+06
1.2793e+06
1.2793e+06
1.2793e+06
1.2793e+06
1.2793e+06
1.2793e+06
1.26052e+06
1.26052e+06
1.26052e+06
1.26052e+06
1.26052e+06
1.24968e+06
1.24968e+06
1.24968e+06
1.24968e+06
1.24968e+06
1.24968e+06
