488143
486818
486818
486818
486818
466198
466198
466198
458964
458964
458964
458964
458964
458846
458846
458846
452092
452092
446032
446032
438330
438330
413004
413004
413004
413004
413004
413004
413004
413004
413004
413004
413004
413004
413004
413004
413004
413004
413004
413004
413004
413004
413004
413004
413004
413004
413004
413004
413004
413004
413004
413004
413004
413004
413004
413004
410306
409757
409757
409757
409757
400486
400486
400486
400486
400486
400486
400486
400486
400486
400486
393285
391898
391898
391898
391898
391898
391898
391898
391898
391898
391898
391898
384137
384137
384137
384137
384137
384137
384137
384137
379354
379354
379354
379354
379354
379354
379354
379354
376660
