870619 10393.5
906770 200
0 850044
814006 176679
589825 308323
344229 497690
483857 379765
850855 36643.5
120462 728410
13243.3 841901
282216 531479
792014 47823.7
408653 406961
940876 98021.3
31374.4 975096
120831 832912
560631 305175
486511 361861
708071 161562
852399 30888.6
573376 255650
511663 354563
46927.9 819518
165197 745016
479887 430296
227789 614295
268954 562968
97933.7 742574
515038 333031
523649 316004
462570 391839
386111 464121
268234 728767
686185 279425
174068 717533
198106 628798
701621 167198
25236.2 831606
163822 693845
446864 395311
69691.9 779889
276955 695461
365400 474964
786628 84673.7
368078 474232
568338 263668
615376 235281
260589 575784
396182 485630
488437 558935
279274 611696
26967.5 929292
246894 599999
674745 180035
785956 179809
741227 130180
399634 477911
874891 9449.11
293043 677818
700551 171453
150615 716003
560387 313011
721993 156542
664834 186934
955744 85462.7
302534 708303
259364 588512
663185 280074
195158 705685
617556 213894
50856.2 845364
154818 753024
726499 135831
756829 88706.6
320503 511883
26843.4 970735
361276 624228
361276 624228
406380 450546
70889.2 758081
197230 632959
476603 596259
169250 653008
38477.6 1.01861e+06
610404 236494
186546 710100
266255 699364
281526 542384
385704 497171
312922 520458
156673 708698
368330 628531
306834 707448
444839 402407
168754 661410
104917 889416
383894 472520
235123 652690
52014.5 795063
689277 179416
