199978 2761.83
206313 1602.55
0 192765
186585 8090.82
83168.6 106544
167838 22241.6
148547 35509.8
105439 84591.9
3350.89 179508
1643.72 187604
71557.8 110292
102326 88719.8
143794 87471.3
61593.8 131964
175394 20580.8
158904 28593.2
94837.4 97743.1
90873.1 102816
178323 17013.7
13926.2 191722
64821.8 145381
95985.4 94217.7
109773 82924.9
61865.8 149624
131735 99248.4
114856 74312.8
90062.4 103453
136115 86426.6
130842 56337.2
181670 16750.9
91198.1 136266
81082.5 145497
28491.8 159237
86777 106317
63926.1 120503
99451.8 136018
67339.5 119729
62154.8 142080
81693.5 108612
60828.3 134302
210524 57634.9
12884 164503
127610 101925
36480.3 150517
30248 155530
121466 62233
14361.1 163539
137581 47154.9
43326.6 142378
12254.2 178745
26509.1 218027
111940 80157.4
114494 117753
135278 55601.9
150744 61446.7
176192 35275.1
33643.6 176241
20869.5 171503
48024.4 135521
21147.4 171842
132053 97172.8
91908.9 92854.6
42356.4 196284
20869.5 171503
225213 44200.3
51438.3 132546
12810 178112
31615.8 153971
109069 120261
111472 82422.4
51438.3 132546
82980.3 142967
108543 84416.4
38471.8 144604
164514 28118.7
103735 84986.4
11139.4 179157
169123 21518.1
27388.5 227987
91276.2 93409.9
62353.9 122373
2378.41 184971
88490.1 120900
118001 65539.4
52735.6 134348
130501 101222
134213 115030
62154.8 139760
82970.2 107546
32662.6 176581
47551.7 138125
61833.7 124832
36796.8 147940
40891.9 143700
97890.4 99111.8
20192.7 172160
34942.6 162487
79372.1 149191
218415 51020.4
128501 106944
