40711.4
40711.4
40711.4
40711.4
40711.4
40472.1
40472.1
40472.1
40472.1
38695.9
38695.9
38695.9
38695.9
38695.9
38695.9
38695.9
38695.9
38695.9
38695.9
38297.3
38297.3
38050.4
38050.4
38050.4
38050.4
38050.4
38050.4
38050.4
38050.4
38050.4
38050.4
37461.2
37461.2
36701
36701
36701
36390.2
35780.7
35780.7
35780.7
35780.7
35780.7
35780.7
35780.7
35780.7
35780.7
35780.7
35780.7
35780.7
35774.8
35774.8
35774.8
35738.8
35738.8
35738.8
35738.8
35738.8
35738.8
35738.8
34682.5
34682.5
34385.4
34385.4
34169
34169
34169
34169
33220.8
33220.8
33220.8
33220.8
33220.8
33220.8
33220.8
33220.8
32693
32693
32693
32693
32693
32693
32693
32693
32693
32507.1
32357
32357
32357
32357
32357
32357
32357
32357
32357
32357
32123.5
32123.5
32123.5
32123.5
32123.5
