33946.6 21.2603
0 34447.9
33856.5 1896.45
10863.3 22357.5
29023.1 5529.7
31862.1 3514.58
17420 15273
6876.11 26094
1687.65 33403.2
12285.9 21501.5
15401.9 17177.4
10709.1 30955.9
2733.29 39191.4
19329.7 14467.6
30963.8 4201.17
17728 15159.8
19830.9 13572.6
1494.24 40012.6
15214 19337.7
16726 15630.9
1312.37 39411.7
13285.2 25042.3
16668.5 16420.9
26004.7 8621.43
2733.29 39781.7
9786.32 23931.5
24381.4 10245.4
9154.74 24367.6
14681.5 18543.7
20562.8 18599.4
13440.6 20249.5
7047.1 25605.2
21125.3 12633.7
21379.8 11721.8
23761 10306.1
13572.2 19375.7
27519 6887.23
4332.28 29741.7
24449.1 8873.21
5366.34 28248
7153.09 24970.4
17074.9 15432.2
20996.4 13349.5
5886.17 27248.6
15152.2 17546.8
22580.2 11934.6
29962.7 4677.66
21664.5 18817.2
23318.9 10820.2
8768.44 35878.8
5205.25 28360.2
23501.8 10343.7
27184.4 7558.36
6686.79 26388.1
30164.4 4614.32
2818.62 31560.2
11635.6 21882.3
593.448 37501.5
5360.39 38308.2
32590.1 2723.39
10771.2 23308.6
14288.8 18977.1
8982.35 34725
21374.9 12320
13715.6 24051.2
6875.67 28026.3
14911.7 19447.2
17317.5 15284.6
26135.8 8262.97
28610.7 5729.4
2357.55 31694.2
3646.47 30079
19266.7 14520.6
30325.4 12702.4
26384.6 7785.16
22536 12209.6
22522.8 10982.9
242.25 33876.5
23398.3 11622.7
27854.8 5766.35
19109 14550.8
2067.85 32583
9372.23 24177.4
4962.1 36806.4
27096.4 7726.96
3078.61 30197.2
242.25 35195.6
13974.4 20397.2
25400.5 8623.28
4518.84 28614.2
13416.5 21116.8
9393.68 31925.7
2966.92 31454.8
10102.8 23320.6
12756.3 21250.5
5453.62 27432.5
24278.8 12818.5
20542.1 13354.3
4357.54 29227.5
1690.55 33206.8
