740658
735765
735765
735765
727468
727468
719623
719623
719623
719623
719623
708451
686086
686086
686086
686086
686086
682318
682318
682318
682318
682318
682318
673426
673426
672478
662119
662119
659145
659145
659145
659145
659145
647458
647458
647458
647458
647458
646146
640261
640261
628747
628747
628747
628747
628747
628747
628725
628725
627826
627826
601031
601031
601031
601031
601031
601031
601031
601031
601031
601031
601031
601031
601031
598603
598603
598603
594039
594039
594039
594039
594039
594039
594039
594039
591105
591105
591105
591105
579936
579936
579936
579936
579936
575366
575366
575366
574059
574059
574059
573606
573606
573606
573606
558189
558189
558189
558189
558189
558189
