200821 2193.21
0 185568
202502 1270.99
187616 5738.76
147808 39128.5
133386 56447.2
221439 24755.5
57351.3 116721
79077 100851
18440.7 186774
121187 60620.6
167705 17068.9
30061.8 149381
188328 2328.24
181087 14631.2
45476 157981
69321.3 104858
140526 42815.5
4788.35 185772
136337 52670.7
94654 90568.6
50146.2 132195
13216.8 161628
37347.9 141937
42714.2 182715
66079.3 108965
110321 73967.7
177325 65388.5
20258.6 159337
211663 27658.4
56566.4 120246
50186.6 137795
117182 62762.9
165352 80959.7
131013 52444
116780 71731
114485 72751.8
24448.9 152470
52616 128510
30445.7 203412
132941 47826.9
136591 43835.6
55087.8 125918
23521.8 156769
78179.8 102002
40367.6 137653
200328 50792.6
45524.2 157561
70812.6 135135
103821 128092
161714 20035.3
111153 110618
88951.8 90908.1
122081 56026.2
148354 32667.1
142826 40707.8
116144 82098.9
168986 15253.4
33468 199821
132756 50905.6
9749.44 171319
211253 29839.3
49073.3 184004
104060 76553.5
113803 85415.1
34658.9 146855
84596.9 95889.8
63706.3 155406
12864.3 219192
34658.9 146855
52334.6 137349
100544 82488.6
118083 62465.1
81823.2 100799
97585.2 85060.8
31050.2 145933
36332.5 197944
37267 143893
147810 34528.5
39755.4 203608
191645 63836.4
47017.2 133871
32261.4 202304
181560 12189
154452 27165.3
95894.9 88251.8
34194.7 144967
99616.4 83306.3
45304.8 136227
165797 19970.3
39133.2 203987
5911.73 179759
56367.1 120238
4788.35 183206
115105 83499
56566.4 119663
65402.3 138264
29249.3 202640
56367.1 120238
37574.3 147615
