995362 95209.3
0 784260
745084 12378.7
545888 219049
737010 50349.1
157835 682130
395773 452932
408449 350907
703517 113782
269639 485228
79117.9 824019
463416 303808
588501 181914
289999 456028
28613.4 736325
382526 428339
248329 513522
158137 587665
501594 261886
573908 193181
445545 319990
670476 134148
452279 319820
525953 252904
225385 538642
225055 624600
679375 121188
404488 362326
136361 659627
305871 442075
83900.8 679921
677156 125125
354763 370025
460.977 778188
96648.8 663416
158049 631026
712497 87006.4
494000 265467
441000 331464
715956 133073
200527 544418
39616 688612
557601 195032
273736 484000
174989 584101
665980 134267
417344 381741
659127 204595
352144 430935
354135 416642
615122 178596
539152 339967
314140 627787
383553 466356
643271 216085
12112 778001
423209 378601
681325 119462
821463 205807
850995 183846
20629.3 752422
184713 685772
247871 643247
191327 558328
121147 633727
719240 57302.8
237227 518579
21919.1 926877
644900 213462
706622 107759
193261 762999
637878 138348
669750 368074
184396 685833
338298 434818
584068 186536
324091 598630
14587.4 918430
698270 119432
353584 595493
226519 527473
324127 485375
469420 296798
111369 723537
52274.8 798515
622502 140222
621968 147711
101048 662212
815405 208602
280867 479717
476238 495426
289718 464006
184751 816944
488062 279994
410893 337670
253574 493526
104995 638986
191126 772850
12378.7 766781
709968 91288.6
