1451.24 14.7648
0 1187.27
66.8575 933.612
168.493 914.702
841.299 250.49
979.277 137.565
718.62 399.612
589.929 652.803
1206.43 31.3209
764.418 250.851
17.4962 1076.86
986.833 233.504
292.161 814.19
420.737 711.873
1139.46 39.4534
458.649 586.303
196.671 886.741
449.092 651.009
37.1618 975.217
595.439 507.755
529.729 559.145
395.094 747.804
84.0142 1420.71
615.484 471.361
312.685 1164.13
1003.86 86.2741
228.907 1218.53
899.369 198.186
407.58 1030.23
925.95 142.227
612.4 476.677
595.439 634.753
755.595 314.608
540.79 539.001
258.993 1203.42
407.077 1143.6
420.174 974.344
392.448 758.949
885.408 493.043
555.711 532.229
293.662 1052.86
663.159 415.382
589.803 515.923
1046.45 46.8737
457.469 587.517
395.864 728.694
307.022 1170.73
247.232 1179.47
265.814 825.138
255.479 1176.73
395.211 990.948
1337.35 23.0868
235.808 832.791
659.106 446.175
302.777 767.574
322.325 999.305
734.22 361.885
211.779 1259.62
218.939 853.405
988.082 123.475
395.211 1030.95
882.97 508.35
273.302 1171.8
250.851 830.144
255.495 925.507
292.957 1257.61
258.993 1266.55
907.511 687.383
667.923 1020.45
308.549 1422.8
109.898 1438.24
663.403 1003.6
546.885 967.331
575.442 1097.3
325.741 1262.11
389.585 1195.77
408.229 1212.67
165.821 1481.05
1088.21 635.817
237.093 1386.59
759.143 898.788
908.952 837.349
765.45 865.182
412.004 1267.64
1283.82 465.781
688.956 1057.43
185.268 1406.61
481.761 1243.32
817.13 764.104
115.978 1605.6
612.499 1074.92
616.217 898.141
648.355 931.784
312.685 1342.63
869.519 726.19
1084.16 635.208
645.848 872.465
662.822 885.627
286.245 1298.86
497.426 1173.67
