991472
991472
991472
991472
991472
991027
990684
979584
979584
975752
975752
975752
975752
970560
950204
950204
950204
950204
950204
950204
950204
950204
950204
950204
950204
950204
933193
933193
933193
933193
933193
933193
933193
912338
911134
885028
885028
885028
885028
885028
885028
885028
885028
885028
885028
885028
885028
885028
885028
885028
885028
885028
885028
885028
885028
863622
863622
863622
863622
863622
863622
863622
863622
863622
863622
863622
863622
863622
863622
863622
863622
863622
841919
841919
841826
841826
841826
841826
841826
841826
813694
813694
813694
813694
813694
813694
813694
813694
813694
813694
813694
813694
813694
813694
813694
813694
813694
813694
813694
813694
