759764 61770
669871 7633.57
0 650913
2554.41 648803
582807 32260.7
638637 7956.39
3877.02 620893
572784 41189.8
307930 293470
260898 339531
41401.6 674315
32639.3 566489
296602 308468
404623 204595
626145 101818
249758 365134
480775 135761
160161 446787
510065 142393
65962.1 633146
95796.1 510187
488661 272535
105596 487247
320290 276197
502194 115719
527047 82566.6
557156 77417.2
134629 479456
220874 405218
159390 487014
380142 361493
216242 493255
252401 342174
200652 386747
335418 276184
210139 368590
448551 174230
140925 465014
230965 403769
384159 222358
448056 176385
166597 431759
610554 9948.59
14504.3 583087
428927 185664
36769 681106
354772 257258
352467 269295
427677 218509
82601.3 525218
241602 504266
196236 406441
65962.8 542066
564481 47986.5
358416 366312
190447 411825
470125 157171
455522 236699
361581 280815
280860 320670
512159 105930
60855.9 546602
490600 267517
311718 324275
69346.2 526354
373043 237665
420695 186761
359281 337528
3768.7 723493
381490 235511
373292 334847
8519.89 611559
309401 293357
94281.5 615731
32354.1 720619
433093 181927
502937 201451
168046 481560
512055 198698
406540 402620
12684.8 610928
208459 383703
224182 444003
2801.45 725741
60817.4 636242
167470 429740
456123 157496
235276 400659
179063 469137
484145 121051
354527 268758
227743 348955
508394 112662
354509 421140
7672.35 771983
220000 485576
42033.7 547198
424622 345632
485550 109215
174221 417277
