19125.2 242.987
19175.6 76.531
0 17701.3
7913.81 9524.37
717.115 17035.5
2470.11 15321.1
4490.65 12404.3
8470.27 8696.22
13078.1 4856.34
3367.57 14450.9
9523.35 7961.53
13012.7 5359.07
16135.4 2153.11
16210.2 1707.39
16135.4 2153.11
16308.4 3292.14
16632.4 1265.91
10755.3 7412.11
13400 4475.84
5448.77 15693.5
17290 1247.1
15506.6 2215.86
7451.44 10379.7
17399.2 1123.82
6620.68 10590.7
13602.9 4464.39
1434.48 15809.1
11365.8 6569.85
7648.12 10123.4
3185.14 16456.9
16589.7 2546.76
17672.9 370.563
8681.28 8273.96
13897.5 3771.83
11871.2 8256.93
4087.91 15986.1
430.927 17464
1361.4 15846.3
10923.9 7167.77
14265 3353.82
11626 5516.98
14617.5 3172.87
11504.4 6156.7
3178.54 17680.5
17242.4 2263.04
1539.45 18515.1
12375.3 8957.61
7370.06 12217.6
1902.59 15658.1
1137.94 16598.9
6230.76 14908.8
19693.5 3641.59
9846.3 11008.7
10485.2 7490.85
2328.74 18967.4
5348.11 12314.5
9840.62 11030.7
2909.93 16773.1
5353.89 11983.3
3097.47 17178.7
6445.8 11265.9
12489.8 8925.81
15591.5 2174.19
6221.21 14492.3
14149.2 4619.61
9333.23 12382.9
5402.94 11594.2
14304.5 3299.18
3575.89 13754.9
2843.8 16271
4973.35 15697.6
16472.4 2867.97
13815.6 4426.78
3803.68 13491.1
14960.4 7809.89
13734.5 5166.08
13926.7 5146.78
3383.97 14352.7
698.476 21205.3
3420.91 13926.9
11065.5 6612.79
6062.4 11434.5
16158.5 1992.26
16541.7 1590.7
5272.82 15235.3
10119 7778.65
2891.85 16857.7
5272.82 15235.3
2679.52 14582.8
536.47 17157.1
1989.7 15131.1
4325.01 13147.7
1021.17 16794.3
14984.2 2893.85
14653.4 2997.31
4322.01 16980.6
2947.04 16259.5
8408.57 9284.11
11462.5 8559.73
17430.5 756.61
