555503 64912.2
596094 10990.3
558218 2252.31
0 489047
530357 8606.39
516909 16573.2
468742 20663.7
287792 188358
192045 292009
278517 244915
461611 34361.4
324909 159787
283489 200014
396496 84368.7
403700 64150.6
242532 232335
582861 15402.1
299415 210864
356477 194476
374778 159474
275128 201294
419312 50910.6
383916 96822.6
184697 292123
206915 326924
119092 355388
11785.9 479857
254312 230030
72389.6 519365
223073 251572
220570 325772
167237 315885
433439 36782.6
152968 327047
336147 137033
23677.7 473185
31666.4 440491
272818 210911
259004 216819
185981 337944
187909 334792
39195.9 538392
352267 169375
357945 118763
170629 313643
286452 309879
103571 380308
349540 133395
356179 123400
39541.5 429874
82638.4 388589
209846 258448
23906.1 579621
112495 365733
24148.3 441313
359142 104115
377585 101385
200457 263191
304829 170025
132115 417303
96234.9 382261
135540 325607
196914 273991
189955 333394
80796.5 395519
210781 297201
91496.7 383270
273819 324484
43492 409052
377468 155430
433942 101736
104316 368136
219947 253849
61735.2 549846
402903 75331.1
297830 184732
381664 186348
469028 144506
395750 84771.2
71221.1 397138
10418 482621
51187.3 511820
185553 358174
313015 161789
48767.3 514142
151267 318613
232504 242759
327840 159358
285044 310445
261698 318549
81889.3 472228
266549 314153
137320 414953
312035 266781
75937.7 472907
188029 357814
13154.7 473351
172056 297274
230737 366467
2864.99 484453
