312529 782.205
0 257235
308012 1269.95
266598 1286.75
33705.7 226236
24827.3 231668
132243 130464
184560 72233
154006 101736
8568.63 249211
48823.1 210299
179549 76799.8
165334 89467.9
217757 83665.8
117396 149011
135328 125937
218399 40895.5
15195.5 235875
262496 9794.97
231497 31958.9
208604 87317.5
161663 90307
227481 59216.4
88550 157777
120946 136600
277805 44162.4
83026.8 212247
12989.9 248314
142632 135498
233553 24612.2
97554.7 156933
70700.1 220186
115512 139026
213538 46283
208719 49071.9
74776.1 176136
106858 189030
144295 134390
219771 47140.2
187673 124538
239978 17978.2
223345 34834.3
135694 120094
8189.03 253742
13696.7 247514
59540.6 197612
57047.1 201586
61826.8 194834
45620.7 212035
35462.7 214371
118711 153842
141935 113356
49555.4 219025
14829.7 292692
212060 47001.4
61261.6 195534
128087 130876
259548 12404.1
201655 55104.3
192404 63706.9
122316 136169
144021 143699
82584.9 169558
247697 12890.3
267973 40149.9
274558 56010.8
147899 106797
155674 129843
111614 143621
199209 58195.1
13935.6 293853
78126.8 237885
96380.1 175402
50107.1 206825
100044 146031
110064 209734
91977.1 198325
115369 206332
179382 116217
248287 52082.1
71863 184000
250717 62730.7
239282 19971
144990 113318
171967 83508.8
56663.5 203944
198305 88170.6
201519 81536.1
277899 43069.4
146326 155526
47880.4 226949
84127 236727
90739 198706
160196 92035.9
85089.7 232004
67988.2 186263
81780.2 206028
183696 110972
277414 45805.8
145658 133958
