116577 915.534
0 91714.8
94395.3 1854.5
78910 5327.8
13487.4 71852.3
47891.1 50749.1
9522.46 75304.8
20946.3 62237.5
85635.1 2601.63
3193.11 81514.3
30957.7 52455.9
31637.4 56988.5
26876.9 59148.5
71832.9 12413.6
62780 26135.8
35172.2 50030.4
80454.1 4089.28
48386.7 49618.7
28614.7 56595.3
60143.2 28643.9
43278.6 37499.5
56474.3 31268.7
76192 10178.2
74435.1 31353.2
22485.5 61302.9
63888.9 16971.6
50441.6 33328.2
73378.7 11192.4
39034.1 42498.6
19970.2 62354
46901.2 49106.4
56881.3 30875.7
55486.7 63457.5
4187.43 78851.8
8536.39 76271.7
18298.5 63220.7
77499.6 6386.36
35294 48255
47879.4 35964.6
60397.7 26395.4
282.124 84630.1
29663.9 56365.6
62777.6 23953.9
76692.3 9783.83
86133.3 31147.6
13080.5 73126.8
18057.1 65541.2
63077.3 20646.3
62777.6 23953.9
78380.1 36195.2
9848.03 74630.1
20362.4 66858.8
56920.3 30627.6
27309.7 57560.9
71639.5 45294.5
24029.4 59406
14543 70953.5
3276.51 79183.6
36743.9 44843.2
17367.4 66245.7
15841.5 66699.1
19184 62476
78031.4 5510
5318.75 77279.2
32227.7 51325.4
2137.43 81758.7
21738.7 90857.9
44481.7 37267.4
18080.3 65189.3
29934.8 56175.9
17247.7 99207.8
8975.92 75615.3
25897.9 110777
33194.3 89341.9
33077.5 88229.5
42487.8 87052.6
44768.9 78765.4
93152.4 33356.7
42487.8 81296.6
30617.7 97417
72918.9 56033.6
16707.9 101579
32065.9 91113.1
50612.3 71966.9
30455.4 95091.2
38804.7 88536.8
12996 117896
5790.59 121733
30134.4 93239.9
11588.2 116884
13082.5 116871
87940.6 38566.1
75641.3 45831.6
65065.7 57505.7
22620.6 94973.7
12041 110868
10941.7 117499
42853.9 83211.4
10654 107792
5426.46 79988.4
