476143 18266.3
463183 7206.84
0 414249
414632 15323.7
349324 46532.6
10812.2 346066
310313 79386.7
370075 26016.5
440797 11012.2
320790 72527.7
131390 238351
63621.8 320095
363833 39089.6
128104 261428
154758 224759
277631 114726
200 402648
391221 16419.9
215461 185041
295163 103565
196178 189407
402520 42319.8
195047 194942
178932 224363
100653 290306
104305 284404
216220 146767
115931 265930
71164.6 298171
183189 217737
445776 8974.69
181262 239631
311865 77317.9
72428.8 368227
288052 110443
425501 108725
182429 224297
119515 401673
442749 104705
271342 178678
186080 197227
299965 95856
234349 127132
151810 231518
78278.1 411445
216725 200615
70342.3 425886
285953 141555
111255 271844
171190 398270
81657.2 322334
2300 351541
124570 261532
268182 200253
126865 329860
30797.7 334571
151857 398671
97541.3 426224
108883 273149
300301 80805
263248 203429
106660 443178
217309 360033
120991 464776
15323.7 420773
21161.9 430830
64340.8 558415
150667 322022
81766.5 467258
14507.1 452794
329649 294026
417375 163855
49098.9 535007
95396.2 538195
129502 448817
391686 82486.9
132389 448750
264014 290881
124167 466227
293670 285243
211552 389256
71596 511299
113499 500167
46390.9 498184
388424 215485
52837.3 542585
119458 483410
343972 219783
249012 326625
22410.7 564730
258345 306051
276091 264575
272004 285099
27528.9 554020
171714 441787
81753.3 409888
393782 139164
275112 314123
18388.4 499297
93558.3 332451
