223945
223945
223945
223945
223945
221472
221472
221472
221472
216111
216111
216111
215333
215333
215333
214398
214398
214398
211573
210738
210738
210738
208250
208250
208250
206827
206827
206827
205947
203488
203488
203457
203457
203457
203457
198820
198820
198820
192552
192552
192552
192552
192552
192552
192552
192552
192552
192552
192552
191738
191738
191738
191738
189833
189833
187600
187600
187600
187600
187600
187600
181338
181338
181338
181338
181338
181338
181338
181338
181338
181338
180891
180891
180891
179928
179928
179928
179928
179928
179443
179443
179443
174073
174073
174073
174073
174073
174073
174073
174073
174073
174073
174073
174073
174073
174073
174073
174073
174073
174073
