269311 2566.73
0 260244
208675 58820.4
4880.36 251916
28574.8 233563
264139 7509.2
162889 92535
255858 13752
91120.1 163675
204900 92631
70688.5 183034
213273 41851.2
53897.7 195347
62849.4 208153
99367.5 225894
222591 31498.8
86242.6 173353
140230 112113
155032 136274
171114 124311
184674 67840
71710.9 180143
227942 68444.7
60779.4 190844
85069.2 199637
242834 19880.1
202112 61309.4
235005 25943.5
167996 88563.3
25057.6 237530
159637 94877.6
129220 176691
251994 17254.7
48715.2 219881
35970.4 224481
173399 122718
36205.7 265086
222993 95589.7
43444.7 203744
178202 79382.8
249122 72191.9
254606 14090.1
18501 240502
127670 129763
243359 60664.2
91866 180288
68908 188148
120855 138213
94823.1 159167
13752 245841
186349 80764.1
108801 204461
248687 32875.2
221601 95626.3
138902 192524
151267 141199
137354 120682
40576.3 218858
130849 154985
160670 155796
44034.2 279102
160771 157153
72446.4 219681
259808 10982.9
3152.59 255280
210945 121514
101979 149894
67324.4 190098
141986 109192
192682 67549.4
59634.7 240060
153979 132819
160670 155796
248301 40379.5
25453.8 234097
137930 119573
132733 126793
208517 110815
98355 157709
137104 192261
111699 143544
85706 207760
90270.9 166746
135332 121264
184124 79329.7
194963 79695.6
190464 87834.1
101316 176277
117688 141906
118527 140995
88442.9 229264
146890 100790
191611 86033.1
138119 194456
171199 81372.5
86766.1 180390
55601.3 269778
41724.8 214663
161714 113058
150110 107357
