105367
105367
105367
105367
105367
101933
101933
101933
101933
101933
101933
101933
101933
101402
101402
98361.9
96249.8
96249.8
96249.8
96249.8
96249.8
96249.8
96249.8
93742.2
93742.2
93742.2
93742.2
93742.2
93742.2
93742.2
93742.2
93742.2
93742.2
93742.2
93742.2
93742.2
93742.2
86974.9
86974.9
86974.9
86974.9
86974.9
86974.9
86974.9
86974.9
86974.9
86974.9
86974.9
86974.9
86974.9
86974.9
86974.9
86974.9
86974.9
86974.9
86974.9
85339.8
84237.8
84237.8
84237.8
84237.8
84237.8
84237.8
84237.8
84237.8
84237.8
83183.8
83183.8
83183.8
83183.8
83183.8
83183.8
83183.8
83183.8
83183.8
82324.2
82324.2
82324.2
82324.2
82324.2
82324.2
82324.2
82324.2
82324.2
82324.2
82324.2
82324.2
82324.2
82324.2
81852
81852
80778.1
80778.1
80778.1
80778.1
80778.1
80778.1
80778.1
80778.1
80778.1
