472482 7355.87
220070 107142
0 373868
130333 201454
294700 91345.9
102481 229698
121591 211801
35660.9 309722
219783 113773
396238 8103.51
217658 116501
270516 68569
212192 254592
336933 25137.2
125544 210955
310373 36538.9
285956 50749.2
336622 29023.8
91772.1 245029
118809 302196
61302.7 277615
98788.5 238324
80021.7 269659
161441 175695
367218 123778
10670.1 342582
357266 126199
113929 224627
205711 133712
165289 173564
124704 360474
126741 212245
196957 320534
202996 142740
157233 317111
253028 195149
150659 197004
128258 211567
62765.9 277469
49370.2 290743
78054.7 365840
111134 229461
153972 186293
207001 232703
241252 99315.3
184201 161605
46313.2 298319
126058 214557
67099.7 403873
216847 123832
220070 120621
83856.4 262099
164379 262342
57941.9 321804
128629 212147
269812 134868
254559 86242.5
274957 231217
23329.6 320351
129799 211454
249254 92075.6
145310 348128
59220.9 282131
41439.5 451879
240305 105087
59257.7 405645
263231 78694.3
153077 188851
183762 252222
149523 302158
290801 203488
131780 210914
235578 107142
56814.9 331467
337723 166345
57919.4 285061
210241 230358
171825 171472
111134 232258
