302553
302553
301300
295610
295610
294524
293823
293823
285842
285842
285842
285842
285842
285842
285842
285842
280151
280151
280151
280151
272978
272978
272978
272964
271006
271006
269478
269478
260218
258778
258778
258778
258778
254224
253928
253928
253928
253928
253928
253928
253928
253553
253553
260983
244771
244771
244771
244771
244771
244771
242109
242109
242109
241768
241768
241768
241768
241768
241618
241618
241618
240442
240442
240442
239854
239844
239844
238913
238913
234318
234318
234318
234318
234318
234127
234127
234127
233759
233759
233315
231768
231768
231768
230681
228472
228472
227893
227893
225837
225778
225401
224861
223721
223721
223721
220854
220854
220854
219647
219647
