0 264139
107437 129796
255570 2937.2
90359.6 147012
217183 31817.7
149224 88216.3
201731 45212
143609 94042
175364 67707.6
131824 105890
225601 19733.9
44267.4 193660
164097 109898
62364.8 175762
82910.1 155393
263464 48795.6
11595.1 241441
81746.3 156720
186762 117595
75213.3 163290
36237.9 285517
174020 91667.1
150655 88133.9
90265.6 151069
116332 163637
96208.9 142882
122898 120246
147602 91572.5
151273 123604
130005 109181
213898 59573.8
78157.7 161152
31153.6 213340
72369.1 167032
53705.6 256636
190294 49110.2
150655 88769.5
146299 93847.5
150760 173349
124798 114718
49749.6 274841
132219 112785
61169.1 178421
77455.6 182271
41642.8 199885
151450 88216.3
39804.2 202457
62721.4 252502
101508 138292
53278.4 188536
93503 146523
43978.8 283371
68811.2 171289
160594 80536.8
103367 136857
60806.3 181028
116032 124238
68578 171738
132064 108317
141606 101319
114983 125479
158532 83001.1
169550 72819.2
186803 116188
86537.8 154078
157864 112466
106709 133911
75152.1 253559
158532 83001.1
105575 135251
63924.1 271637
133862 107113
86996.2 154057
113264 128454
95612.9 165162
224182 104828
227564 103623
71034.9 176188
146533 179338
143057 98180.8
123117 118743
139032 173672
158571 82787.9
118688 122718
