0 474967
17717.4 412264
502759 4228.97
323364 108977
488732 10984.2
85609.2 352109
440897 17717.4
69803.6 368363
420116 46720.6
94947.1 344478
355215 104853
416295 52325.4
83312.6 357336
278157 186275
299975 141202
339815 125300
63220.2 378208
211639 243286
93943.1 347878
330775 142107
57723.6 384229
312131 135423
288209 154383
299652 241479
272842 187255
79525.4 363416
434886 23239.3
22562 527209
41586.1 402202
365692 78536.7
257525 199605
316299 128485
381304 68697.1
131142 360603
48765.5 396030
295051 288516
343222 107198
60820.7 429106
34365.5 425260
318385 127217
138448 388557
104422 431183
286241 162279
145907 306173
144808 440142
135010 311888
190915 262792
22592.7 426215
313158 133771
197910 253113
222317 224640
240272 210509
174159 272806
394264 52845
230900 222227
168809 279791
8673.61 447073
274033 317961
376874 71858.3
69438.9 379302
305239 266020
139427 310339
113506 485798
58177.8 391223
285376 316606
441496 156079
161893 429066
532138 106782
157842 343192
466874 105986
22592.7 427204
245258 207108
22592.7 427671
17717.4 432567
121197 329803
