221339
221339
221339
221339
221339
218289
216681
216681
216681
213644
207023
207023
207023
207023
207023
198646
194926
194926
194926
194926
192433
192433
192433
192433
192433
192433
192433
192433
192433
191843
191843
191843
191598
191598
190322
190322
190322
188045
188045
188045
188045
188045
188045
188012
186489
184819
179428
179428
179428
179428
179428
179428
179428
179428
179428
179428
179428
178011
178011
173295
173295
173295
173295
173295
173295
173295
173295
173295
171961
170703
170662
170662
169582
169582
167461
167461
167461
167461
165370
165370
163966
163966
163447
161426
161426
161426
161426
161426
161426
161426
161426
161426
161426
160932
160932
160932
160932
160037
160037
159093
