262220 1731.12
13842.8 149748
178190 442.833
73669.5 90079.9
0 177367
13184.3 150686
125177 50663.4
16125.9 149317
125255 46716.7
99211.5 66656.5
131497 39802.3
13087.1 153047
137832 68704.5
80988.1 85367.5
144755 25850.4
61216.5 105170
208684 40212.6
13842.8 152627
174332 19388.1
36436.3 130142
90807.5 80163.6
105405 61328.4
13842.8 153022
136258 92105
49237.5 118374
27225.6 141891
35103.9 132519
146494 87668.4
58382.6 109259
164450 4473.8
107222 60876.4
98033.7 71757.8
141662 52661.5
58841.1 109056
52605.9 115308
68854.1 103191
103437 64478.6
100409 79481.7
135011 35328.6
36521.1 131533
30578.5 138688
15005.5 235638
53907.3 114895
80581.6 87558.8
48830.3 122528
43161 175745
52605.9 115627
129765 71719
86956.3 82120.5
4728.84 163744
22981.2 145735
36436.3 132045
163691 4816.51
10583.6 159557
67131.5 148763
41628.2 126994
166130 16819.4
69888.3 102744
66077.2 103357
5723.37 162938
60615 169652
28665.9 140058
35644.5 156885
57013.7 113035
71922.6 96990.9
71700.9 126959
82339.8 86596.4
64876.7 128105
168744 65837.6
111353 57619.1
13829.3 155212
56503.8 126343
13184.3 155926
82339.8 86780.1
106925 111826
134631 69976.5
52179.8 117029
95096.3 144431
93998.9 75739.1
27425.3 206856
28918 199160
