0 167625
63057.6 96303.2
208347 2894.92
126354 34282.4
192182 2983.23
72603.9 88620.8
163491 9499.4
35671 125778
7585.96 160920
14919.6 147153
203504 21315.2
24168.6 137926
127829 56546.5
110265 51900.1
61230.3 101759
24620.1 137631
123499 46175.9
52031 110265
93485.5 132677
43109 119481
71327.6 91435.2
138312 30019.8
32199.2 142590
52963.7 109805
56435.1 109159
18355.4 145129
93588.8 76383.6
78324.1 85482.5
142396 25232.3
32628.4 133847
98914 65177.1
105271 121157
129681 110598
199260 43859.4
56869.9 107416
77368.1 139886
39154.6 166096
87627.7 81295.5
107117 58027.1
94093.8 71909.4
114501 50668.6
114528 127255
97471.1 109843
147768 17660.1
11130.3 154321
114966 50512
127957 126737
117936 49021.7
78324.1 87385
121246 108759
24620.1 141092
30047.6 136927
93514.4 98011.2
99902.9 121148
149501 16410.9
55919.5 180185
138867 27098.7
87345 82302.6
52083.5 194676
188111 28103.5
78324.1 87831.2
110214 55942
172961 61534.2
8155.89 158010
119215 117667
83408.8 82773.3
99902.9 121148
186768 55196
72788.1 93910.9
29317.6 136968
145183 21218
14907.7 151396
24612 192838
40462.2 195992
50296.9 116328
150245 16329.4
72829.9 93850.9
51940.3 114832
167896 6697.18
7873.21 159045
