0 1.33887e+06
278457 921710
1.6199e+06 13045.8
276987 923836
1.39451e+06 39841.7
682774 521565
1.30655e+06 174304
844827 360012
1.06272e+06 156945
499222 708736
43869.8 1.21695e+06
481864 726564
153008 1.0781e+06
1.05753e+06 209030
962404 248767
679287 804158
525671 685892
32986.3 1.25041e+06
841554 370872
888550 345811
844114 369332
555682 855706
339663 875768
445556 775625
227513 1.11223e+06
434524 782454
843421 634868
433565 783522
273891 954279
742331 474836
1.23332e+06 86033.9
539537 678449
664757 749704
607997 610572
205570 1.31248e+06
80252.3 1.1393e+06
716679 502489
192128 1.02722e+06
617498 648215
382655 975340
817806 439411
1.18452e+06 87211.6
529844 689917
670983 961630
671796 547992
655763 580458
420959 945793
301061 919274
759494 474739
364907 855528
284644 1.12321e+06
527449 693120
1.08835e+06 402936
1.03365e+06 677326
446822 774640
507201 1.05127e+06
678159 543310
553010 673216
772583 760757
52450.1 1.16932e+06
941996 690065
679859 910967
942079 668552
188605 1.03378e+06
78180.7 1.14496e+06
231897 1.34221e+06
607372 616446
80750.7 1.14249e+06
708401 521406
321014 1.16135e+06
80252.3 1.14364e+06
567987 756902
614277 609889
597346 627104
947783 728501
80252.3 1.14423e+06
80252.3 1.14431e+06
553087 672428
80252.3 1.14436e+06
