490185
490185
490185
469778
469778
469778
467869
467869
467869
467869
467869
457176
457176
436998
436998
436998
436998
423299
423299
423299
423299
418174
418174
418174
418174
418174
412849
412849
410532
410532
410532
410109
405457
403482
403482
393879
393879
393879
386266
386266
380943
380943
380943
380943
379837
379837
379837
379837
378558
378558
378558
378558
378558
378558
376948
365105
365105
365105
365105
365105
365105
363798
362429
356858
355863
351295
351295
351295
351295
351295
347202
347202
347202
347202
347202
347202
347202
347202
347202
344336
338918
338918
338918
338204
335240
335240
327212
327212
327212
327212
327212
327212
327212
327212
327212
327212
327212
327212
327212
327212
