505722
503849
503849
503849
477910
475277
461593
461593
461593
440750
440750
440750
440750
440750
440750
440750
440750
440750
418131
418131
418131
418131
418131
418131
418131
418131
415274
415274
415274
390956
390956
390956
390956
390956
388719
386377
386377
386377
386377
386377
386377
379039
379039
379039
379039
372549
369697
369697
369697
369697
368815
368815
368815
355282
355282
355282
355282
355282
355282
355282
355282
355282
355282
355282
355282
355282
355282
355282
355282
355282
355282
355282
348965
348965
348965
348965
348674
342400
342400
342400
342400
342400
342400
342400
342400
342400
337911
337911
337911
337911
337911
337911
337911
337911
337911
337911
337782
323220
323220
323220
