0 245730
164941 58922.1
271468 1354.29
51549.9 175394
227696 12113.1
118981 108726
197792 40962.9
161525 66512.1
200546 54283
53416 174960
183604 47231.2
156631 71969.9
196292 42658.2
47677.6 181005
6305.37 227458
54716.2 174331
59420.4 171753
47385.6 181926
73271.6 157275
90194.9 139146
212432 22554.4
118021 121745
61807.7 167729
205210 28633.1
82454.2 147105
141187 95696.8
91098.5 138722
61493 244606
153917 79885.7
92922.9 137485
86611.9 178133
92922.9 137485
99342.6 171074
70945.1 159521
120343 140130
111572 123425
44051.9 186632
103722 132331
28790.6 202014
248642 41648.4
57472.8 185531
91098.5 139808
89882.9 202752
45955.8 184957
15841.8 219697
153890 129515
97275.9 133748
11373.7 219710
256144 82466.7
218846 108214
89775.1 146018
19414.6 293870
60881.6 170693
98768.1 139579
94834.3 136839
122712 119852
46072 189273
20801.5 211036
78802.1 156672
42106 189745
152625 97650.4
126124 185475
155276 76742.4
57176.7 178362
66018.7 166030
55245.4 189457
173866 58202.3
52488.9 193040
59420.4 172819
179619 54303.7
41614.4 191784
132696 99873.9
24228 210212
152494 80089.4
136367 96272.9
137393 109736
62734.2 229681
31234.1 201607
8529.17 224471
35369.6 199514
103809 137406
84041.9 149076
16915.7 249877
40507.2 192812
31234.1 202061
198920 116673
