1.53835e+06
1.53835e+06
1.53529e+06
1.52357e+06
1.52357e+06
1.49984e+06
1.49984e+06
1.49984e+06
1.45784e+06
1.45784e+06
1.45784e+06
1.45784e+06
1.45784e+06
1.45784e+06
1.45784e+06
1.45784e+06
1.45784e+06
1.45784e+06
1.42083e+06
1.42083e+06
1.4107e+06
1.4107e+06
1.4107e+06
1.4107e+06
1.4107e+06
1.4107e+06
1.4107e+06
1.4107e+06
1.4107e+06
1.4107e+06
1.4107e+06
1.38746e+06
1.38746e+06
1.38746e+06
1.38746e+06
1.38746e+06
1.38569e+06
1.38569e+06
1.38569e+06
1.36801e+06
1.36801e+06
1.36801e+06
1.35608e+06
1.35608e+06
1.34433e+06
1.34433e+06
1.34405e+06
1.33819e+06
1.33819e+06
1.33819e+06
1.33819e+06
1.33153e+06
1.33153e+06
1.32712e+06
1.32403e+06
1.323e+06
1.323e+06
1.31838e+06
1.30043e+06
1.29728e+06
1.29728e+06
1.29728e+06
1.28677e+06
1.28677e+06
1.26724e+06
1.26724e+06
1.26724e+06
1.26724e+06
1.26724e+06
1.26724e+06
1.26269e+06
1.26269e+06
1.24194e+06
1.24194e+06
1.24194e+06
1.24194e+06
1.24194e+06
1.24194e+06
1.24194e+06
1.24194e+06
1.2262e+06
1.22476e+06
1.22118e+06
1.21637e+06
1.21637e+06
1.21637e+06
1.21637e+06
1.21637e+06
1.21637e+06
1.21637e+06
1.20017e+06
1.20017e+06
1.20017e+06
1.20017e+06
1.20017e+06
1.20017e+06
1.20017e+06
1.20017e+06
1.20017e+06
1.20017e+06
