653751 8206.16
251321 400681
1.03816e+06 8095.14
338170 316699
0 793994
219806 441218
466512 246017
322442 338678
522.001 702608
378141 283377
618386 63030.1
508406 250179
472980 189277
691349 146215
588085 75531.6
544269 412388
154900 509343
56525.6 632378
223681 441054
547507 143570
396863 268125
119725 728262
289798 375259
483669 182143
96724.2 586583
153697 540449
297542 369215
193295 492846
233929 433565
547610 153241
545825 149352
284548 533111
234374 437179
572802 99053.5
430410 300554
206552 478174
374749 297248
10941.9 675408
251510 650670
430029 388814
363471 309373
298310 587852
363667 309335
315314 551691
242300 431380
79774.8 608097
261399 413892
397888 617891
298779 376407
420599 262531
35137.6 640053
259365 428675
533045 228561
176235 635281
181096 526301
273527 402416
181739 774055
368354 307610
742015 156030
392795 317073
443336 483028
111049 565748
134496 547324
405242 418046
232588 444550
298838 428646
229927 447263
284348 399200
273527 404231
297542 381185
397581 620608
219032 459849
423308 343560
143407 850993
183050 500118
