0 847970
322347 435089
0 840041
125731 634578
878905 5894.09
40297.6 726904
705432 104966
583091 214453
23033 746020
8914.81 804030
465932 324187
88576.5 680674
574591 218750
512462 285286
137211 633119
402587 404812
791352 281618
44786.9 726771
416654 379045
525839 245866
108724 840621
131518 640773
265285 523618
161047 611276
125314 660495
41388.1 731322
157601 873829
40297.6 733773
480667 386901
311715 473440
137211 636968
668503 105926
640746 147415
275445 729735
178471 744457
41040.9 733838
615507 175204
41388.1 733533
340572 434386
567017 491219
40297.6 735633
473315 315300
41040.9 734949
776674 6428.26
442710 333576
377139 410496
44786.9 732372
158652 656291
287215 617830
46771.6 752396
443773 334064
544380 235954
44615.9 733469
75101.1 710170
593855 184520
44615.9 734438
206277 770354
340572 438542
321067 459270
44615.9 735449
666326 414689
54523.8 725678
111050 679610
753696 316151
449614 623550
137211 643589
361782 419416
328388 490756
267390 666629
44786.9 746623
41388.1 741098
247340 643916
41040.9 741814
38724.8 744178
577174 454205
341601 643113
187143 842081
41211.9 742440
18613.4 765160
218462 565516
44786.9 739660
323472 461295
117503 669531
41040.9 743897
