0 583332
351885 169401
584827 4100.38
319548 204558
583820 23582.5
127705 402587
557506 36320.6
18348.2 544587
43881.4 487052
505593 71754.9
403728 153995
166361 366974
477421 79898.1
119295 414857
564425 182053
168826 365858
470997 146907
312437 241049
230539 333947
284546 250381
345949 205602
430603 110152
449220 293767
171580 494067
32103.5 518430
171522 364306
275577 281869
149646 386588
403181 288625
407129 130224
193769 358256
163071 374654
235010 391857
351995 398301
377062 160829
46174.2 556251
364912 173191
230046 335148
482080 161928
167142 371316
153549 474460
271296 267256
121537 511999
495770 155034
68978.9 474370
99276.1 440261
76363.5 491976
62682.1 483729
166260 373520
206409 342298
136141 403677
83016.7 461565
157768 519395
167142 372996
265416 480901
149646 390583
147962 392728
69192.9 578443
91710.9 450217
169966 370987
207988 337251
343144 197968
310660 388369
171480 369954
111398 435331
136938 404557
423177 203436
63279.5 478571
175560 445527
207339 495513
69309.4 680834
277687 426811
166533 376090
136206 460485
351350 196639
172430 370536
351463 191531
166953 376192
167944 375440
