935836
935836
935836
931391
928162
928162
901839
901839
889974
889974
889974
884996
883750
883750
883750
880733
880733
852128
852128
852128
852128
839815
839500
839500
839500
830118
830118
799449
799449
799449
799449
799449
799449
799449
799449
799449
799449
799449
798913
798636
794220
788157
785438
768851
768851
760093
759593
758001
758001
744529
744529
744155
744155
744155
744155
738816
732361
732361
732361
732361
723658
723658
723658
723658
723658
723658
723658
723658
723658
723658
723658
698722
686458
686458
686458
686458
686458
686458
686458
686458
686458
686458
681971
681971
680278
675943
675943
675291
672481
1.04626e+06
1.04626e+06
1.04626e+06
793994
1.04626e+06
793994
654869
654869
654869
652002
652002
