0 348677
12549.1 310671
479288 4827.01
316918 19970.6
315983 54652.9
116363 221419
83491.1 258908
113207 235468
41798 296431
227317 130374
99572.4 254548
119179 220683
297739 59395.4
156161 183816
192976 158598
274683 65549.3
99572.4 268881
38643.3 302512
420906 37979.2
184192 184220
206773 151588
61245.2 282555
183076 173115
309799 160490
51447.7 292850
289414 216308
120584 224304
106429 336229
250910 96942.6
191624 188473
187729 327111
6935.42 338340
90815.1 276414
263484 82468.2
295370 119480
121932 224252
355514 172384
164109 182207
46147.5 391392
22633.7 347105
142683 203736
20108.9 326564
84753.5 338937
150264 202005
41798 304947
136511 289771
80578.1 339960
231403 239013
339953 109648
129434 395762
268870 270605
250837 96972.6
96575.7 269819
54511.2 388862
79525.6 336894
20108.9 327816
275055 222815
167222 180780
167222 182478
66960.2 282312
200651 266173
109525 277776
230094 255373
23494.8 325204
273249 283694
123501 225272
349828 5605.58
52768.3 296083
138323 217490
87228.2 261671
20108.9 328935
102115 247125
20108.9 329527
20108.9 329590
241625 109453
