825768
825768
726729
726729
713295
707945
707945
683705
683705
683705
683705
683705
683705
675537
675537
675323
672651
672651
672394
669527
663452
663452
661527
661527
661527
661527
644403
644403
644403
644403
644403
644403
635031
635031
634783
617503
617503
617503
617503
617503
617503
617503
617503
617503
617503
617503
616477
616477
616477
609082
607967
607967
607967
605552
605552
602648
587155
587155
587155
587155
587155
587155
587155
587155
579101
579101
577735
577735
576948
576948
573959
573959
573959
573959
573959
569277
569277
569277
569277
569277
569277
569277
569277
557376
557376
557376
557376
557376
557376
557376
557376
557376
557376
557376
557376
557376
557376
557376
557376
557376
