43220.6 614.772
1136.26 30230.2
0 34643.2
33935.2 1087.32
9508.79 22784.7
20431.7 15614.9
4103.34 28193.5
27848.3 6058.41
1051.04 31295.1
31442.3 2056.66
565.073 31807.9
19920.7 13479.2
10698.7 21686.3
14790.6 19063.6
471.276 32024.4
13818.4 19477.4
7851.58 24686.7
6132.39 26858.5
28662 3937.42
7851.58 24686.7
19367.1 15090.4
1051.04 31501.1
5395.79 27502.8
22953.3 10723.6
4079.55 28480.6
1937.45 30627.5
3418.03 33509.8
1136.26 31458.4
12740.6 27641
17930.9 15517.5
14291.6 20895.8
26342 6663.59
16788.2 15821.8
11267.4 30628.8
1051.04 31578.4
13689.5 19776.4
18445.3 14188.8
3310.53 34615.1
18812.6 23936.2
24767.1 8471.78
1136.26 31546.5
10690.6 22667.1
12482.3 20208.4
4168.36 38780.6
3742.58 28957.3
36688.8 6933.26
9151.72 23928.7
5023.92 27703.6
11530.8 21259.3
1136.26 31595.6
15808.6 25753.7
12610.1 20130.1
11823 31936.2
2674.37 35267.8
3494.93 29875
1136.26 31607.8
8662.51 24945.5
7851.58 24893.6
25758.5 17147.5
12367 20789.5
1136.26 31621.8
3942.85 32598
32909 10298.7
1865.86 30922.6
7275.97 25731.8
20656.7 12364.1
14385.3 26813.5
26397.3 14790
7851.58 24971.7
471.276 32360.6
1136.26 31707
13265.4 24523
1937.45 30913.8
8637.17 25005.8
7237.3 33653.2
3510.63 29352.9
10920.1 23402.2
1136.26 31730.8
576.485 33248.1
1136.26 31763.4
4092.75 28816
22012.2 10924.5
