580722
561124
561124
561124
561124
542215
542215
542215
542215
542215
542215
542215
541131
530862
530862
530862
530862
530862
530862
526616
524198
521067
517656
510469
510469
510067
510067
501126
501126
501126
496744
496744
496744
496744
491466
491466
491466
491466
491466
479745
479745
479745
479745
479745
479745
479745
479745
479745
477855
477855
477855
477855
477855
470654
464372
464372
464372
464372
464372
464372
464372
460885
460885
460885
460885
460885
460885
457285
456437
456437
449642
449642
449642
449642
449642
449642
448876
448876
448876
448876
448876
448876
444898
444898
441952
441952
441952
441952
441952
441952
441952
441952
441952
441952
441822
437719
437719
437719
437719
429981
