1250.01 18.3848
191.688 660.549
0 947.536
31.3198 822.808
1148.29 49.7898
284.75 573.264
897.018 51.1634
250.743 615.372
29.0172 903.47
250.743 615.372
257.188 610.272
536.342 593.768
561.541 310.397
741.615 190.302
303.543 568.673
808.745 121.384
257.669 616.45
243.094 645.297
618.645 284.737
429.983 931.564
554.622 322.466
550.74 355.737
138.045 782.196
250.743 626.903
103.951 846.249
228.853 650.13
381.463 662.68
153.128 729.212
462.065 459.759
82.012 801.456
648.279 237.171
469.847 448.941
1042.75 241.789
335.891 551.617
138.866 768.366
234.532 1117.3
762.774 429.464
662.185 226.935
370.43 532.327
507.398 382.577
507.398 382.577
1285.34 208.362
167.32 723.965
383.457 513.193
505.955 409.572
296.774 714.122
375.65 517.684
293.376 625.177
182.078 713.489
56.6782 853.16
290.92 604.692
220.726 782.919
484.818 410.859
385.326 603.513
691.159 205.717
830.906 565.274
268.168 824.105
75.8623 1116.22
263.731 633.278
480.509 417.929
248.223 650.579
59.6488 1135.64
659.992 778.244
228.853 672.188
250.743 651.068
119.645 782.62
849.128 367.477
341.614 863.095
698.429 203.913
904.002 415.122
280.45 623.077
443.295 738.803
479.521 859.463
383.457 520.167
710.896 197.531
252.717 651.068
897.916 542.608
447.446 739.636
248.622 657.27
311.848 594.316
168.095 809.772
632.588 491.297
453.206 885.837
