79560.2 63
49508 18071.7
0 77709.4
21745.3 48066.8
45409.5 31291.5
44653.6 26221.7
86985.3 15265.7
37037.9 33897.1
26808 45805.6
58562.8 12622.1
47957.1 29992.6
31870.6 39656.5
8814.42 67324.7
35876.4 35776.2
63770.5 11446.7
36228.9 35484.2
12282.7 62498.8
39092.8 37212.3
29137.5 42674.1
17289.6 75270.9
18968.1 53045.6
40520.6 39475.5
31537.8 40591.1
32263.5 67069.2
39111.2 33067.2
34457.6 56377.8
65444 9976.19
8392.17 98470.9
19305 69261.4
55161.7 17231.1
26201.6 76701.9
27749.1 45035.1
21786.6 66832.4
78254.3 33838
39273.6 33215
68938.6 24196
43621.9 28866.8
74730.7 5000.37
39111.2 33497.1
43712.5 66996.4
10192.1 94254
62074.6 51875.6
22347.3 50345.5
40302.5 63233.8
35266.9 38895.8
24062 66027.1
61964.2 12087.6
21532.3 52066.4
12496.7 60922.9
39371.6 39586.9
39111.2 33824.9
40411.4 53649.7
67772.5 5178.74
47820.5 25309.3
16644.2 56318
10192.1 92562.8
35633.5 37331.7
39273.6 33720.9
25940.4 54417.6
39273.6 33720.9
15168.9 57865.8
90353.5 30859.4
15712.1 92805.9
21873.2 88489.7
40944.7 32189.1
32825.3 40826.5
9320.99 63826.3
56267.3 58066.1
20764 52481.2
26675.4 46923.2
25695.5 47587.4
42076.9 31262
22347.3 51018
20911.6 52457.4
40069.9 33305.1
5326.63 70275.2
21206.9 52171.5
