18972.9 538.287
5251.21 9475.69
0 17689.4
21549.9 2040.42
7032.63 7855.4
15646.4 663.295
14352.8 2363.96
2785.65 12184.3
13140.4 2450.73
2082.08 12936.9
1428.49 14240
2019.64 13004.1
465.768 15762.8
8775.99 6946.3
7552.46 7520.98
9349.06 6468.09
6488.09 8589.64
1360.18 14481.2
5014.03 10081.6
1936.6 13465.4
3535.85 11621.2
11644.3 5961.15
2676.91 12483.3
435.9 16148.4
15025.6 5636.29
9906.22 5277.7
7931.65 12799.3
593.841 15278.8
2282.94 12904.4
12902.5 6831.21
2896.17 16092
3231.65 11967
12205.6 3351.68
3824.11 13616.3
12323.8 2889.92
2308.78 19487
13988.3 1427.63
11105.1 4366.25
9625.09 5647.06
8045.7 7204.9
8058.27 7194.95
11768.9 3796.53
5510.29 9748.53
4998.84 10267.9
13988.3 1427.63
14040.3 8024.8
7069.88 8244.22
13068.2 8493.24
1614.92 13745.9
7344.69 7942.41
11549.7 4064.28
7321.54 9135.96
7933.24 7364.72
6369.43 8939.16
6636.26 13767
2323.85 12987.4
9010.49 12351.4
6567.93 10793.2
5283.69 10032.2
5031.87 10289.6
3934.95 15477.3
3070.5 12251.5
3453.68 12166.4
2453.78 12888.4
3655.2 13258.1
7918.87 7482.94
7204.9 8153.68
11068.6 10561.1
2958.93 12405.4
5654.23 14546.5
7242.15 8144.22
2453.78 12936.1
10933.6 9072.37
6355.21 9051.16
5092.83 10307.8
9170.2 12168.9
1904.79 13499.6
2643.35 12821.4
4673.8 10787.2
2984.08 12435.2
