234162
231784
228337
228337
228337
221811
221811
221811
221811
218919
218165
214658
214658
214658
213096
213096
212130
212130
211224
206291
206291
206291
206291
206291
197970
197970
197970
197970
197970
194508
194508
193825
193825
193825
193825
193825
192335
189501
188572
186455
186455
186455
186455
185344
185344
185344
184286
184286
184286
184286
184286
184072
182595
182595
182595
180412
180412
178817
178817
178817
178817
178817
177396
175344
175344
175344
175344
175344
175344
175344
175344
175344
174488
173441
173441
172305
172305
172305
172045
170971
170971
170971
163590
163590
163590
163590
163590
163590
163590
163590
163590
163590
163590
163590
163590
163590
163590
163590
163590
163590
