311135
299881
299881
299881
299881
299881
298696
298696
298696
298696
296713
296713
296294
296294
294869
294869
289894
289894
289894
289894
279969
279436
279436
279436
279436
275734
275734
275734
273510
273510
273510
271981
271981
267744
267744
267744
267744
266319
264524
264524
264524
263994
263994
263994
263994
263994
263994
263994
263994
263994
262041
262041
256950
256950
256769
256769
256769
254384
254384
254384
254384
254384
253192
253192
253192
253192
253192
249446
249446
249446
249298
247263
247263
247263
244921
242120
242120
241334
241334
241334
241334
241334
241334
241334
241334
240146
240146
240146
240146
239646
237440
237440
237440
237440
237440
237440
237440
237233
237233
237233
