1366.31
1366.31
1356.65
1352.24
1318.55
1316.66
1316.66
1316.66
1427.7
1269.69
1269.69
1268.73
1246.94
1195.18
1195.18
1195.18
1195.18
1138.01
1138.01
1138.01
1123.83
1123.83
1123.83
1123.83
1123.83
1123.83
1123.83
1123.83
1123.48
1227.22
1498.4
1498.4
1382.41
1427.7
1427.7
1550.31
1550.31
1063.68
1063.68
1063.68
1063.68
1063.68
1063.68
1062.66
1037.31
1037.31
1037.31
1037.31
1037.31
1034.4
1025.66
1025.2
1025.2
1025.2
1025.2
1025.2
974.793
974.793
974.793
974.793
974.793
974.793
974.793
955.417
955.417
951.126
933.477
933.477
918.912
918.912
913.94
913.94
913.94
913.94
913.94
907.851
907.851
907.851
907.851
907.851
907.851
881.365
881.365
881.365
881.365
881.365
881.365
881.365
840.188
840.188
840.188
840.188
840.188
840.188
832.185
832.185
832.185
832.185
832.185
832.185
