0 564483
178132 351063
609273 17336.8
149384 385795
519114 42339.9
170616 364571
392216 153287
104257 431255
228177 457931
270506 265133
336354 360354
249778 286158
331777 242096
47001.2 489447
388099 288780
218769 318154
131518 422090
324855 212471
313768 240956
360125 177403
31099.4 524072
60443.6 619828
420964 128351
458350 96935.8
244039 294210
285366 252958
223248 315164
256596 294788
223764 314867
406634 235797
148068 390692
375784 288466
179868 446346
259667 432247
314033 266600
96286.5 539639
116678 422489
501083 226662
177854 404220
300434 238820
462076 226674
59368.9 479895
145743 394935
243830 295738
323466 220502
92434.2 447220
194422 345704
444704 107466
169865 370720
458624 91799.9
286095 271687
156358 384655
387926 156787
129014 542375
185097 356236
388656 363477
162679 378791
384933 271593
59368.9 482281
361467 180231
338426 207623
261591 280151
202889 338933
386041 158538
155072 532132
115322 426550
378596 299780
270506 271451
215897 326261
387431 265550
137271 579312
223482 318965
266860 275604
304817 237913
269261 273604
215990 502517
223478 319488
276792 308058
269090 273987
339160 204057
316290 229496
318585 224904
213801 329716
172927 370720
