0 579942
88856.8 468519
666505 9669.47
84585.7 472921
594681 28434.9
99811.5 458045
597079 26807.4
473563 84720.2
555512 39014.9
364071 219145
230732 330284
416610 181752
109180 452185
446518 130015
260698 300998
25575.2 537618
42873.4 519329
215034 357403
169858 403405
12630.5 562733
420658 149563
88856.8 476111
528717 46482.7
82394 482643
425111 257587
285712 294638
459905 121640
266153 299421
292835 281796
491495 77891.1
306055 259558
497407 99642.7
103558 462072
88856.8 477165
498559 71076
407247 169256
84585.7 481443
319983 250460
179606 398762
88856.8 477254
368842 201060
335764 230373
59129.4 511418
88856.8 477586
46497.2 687215
103374 463086
169974 595692
53932 512910
196862 374228
105383 462204
540867 226854
295738 272012
192073 507570
53404.6 514485
58630.8 656680
250708 505046
109180 458979
250870 542580
109180 459280
88856.8 479698
103819 649645
103558 465245
122817 462304
42873.4 525987
311035 258290
88953.7 480059
127194 553871
152528 420257
104909 464523
155133 521557
186659 524919
15955 553800
354338 271596
103558 466218
287367 430790
168561 597575
305292 438875
228344 567835
381336 188760
380476 374977
496160 158833
401501 169556
