494323
494323
494323
478305
478305
456548
456548
445845
445845
427647
422629
422629
422629
422629
422629
382563
382563
378091
378091
378091
378091
378091
378091
378091
378091
378091
348487
348487
348487
348487
348487
348487
348487
348487
348487
345265
333122
333122
333122
333122
333122
333122
333122
333122
328610
328610
315636
315636
315636
315636
315636
315636
315636
315636
308700
308700
308700
303694
303694
303324
303324
303324
301210
301210
301210
287682
287682
287682
287682
287682
286303
286303
286303
286303
286303
286303
286303
282150
282091
282091
279623
279623
279623
277343
276117
276117
276117
276117
276117
276117
272531
272531
272531
272531
268138
268138
265096
265096
262855
262855
