1415.69
1415.69
1415.69
1415.69
1415.69
1415.69
1382.1
1311.4
1311.4
1311.4
1310.07
1310.07
1310.07
1307.27
1287.36
1273.49
1273.49
1273.49
1205.06
1205.06
1205.06
1198.42
1198.42
1198.42
1141.6
1141.6
1141.6
1141.6
1141.6
1141.6
1141.6
1141.6
1139.59
1139.59
1139.59
1133
1088.42
1088.42
1088.42
1088.42
1088.42
1087.29
1074.68
1074.68
1070.46
1070.46
1067.25
1067.25
1067.25
1052.29
960.893
949.155
949.155
949.155
949.155
925.022
925.022
925.022
925.022
925.022
925.022
925.022
925.022
925.022
925.022
925.022
920.671
920.671
920.671
920.671
920.671
920.671
920.671
920.671
906.233
870.073
870.073
870.073
870.073
870.073
870.073
870.073
870.073
870.073
870.073
870.073
870.073
870.073
868.32
868.32
868.32
868.32
868.32
848.909
848.909
848.909
848.909
848.909
848.909
848.229
