234264
227755
227755
225636
225636
225636
219426
219426
209615
209615
209615
209615
209615
209615
209615
209615
204798
204798
204798
204798
204798
204307
204307
202698
202698
202698
201874
201874
200332
195542
195542
195542
195542
195542
194390
192989
191508
191508
190423
190423
187876
187876
187876
187876
185460
185460
182020
182020
182020
182020
182020
182020
182020
182020
182020
182020
182020
181441
180982
179992
179992
178570
177336
177336
172532
172456
172456
172456
172456
172456
170853
170853
170853
170853
170152
168299
167530
167530
166011
166011
166011
165266
165266
163676
162490
159804
159804
159804
159804
159804
159804
159804
159804
159804
156088
151187
151187
151187
151187
151187
