740141
734109
734109
734109
716147
716147
716147
716147
704294
703302
703302
697218
690878
682290
682290
682290
682290
682290
671292
671292
664000
664000
664000
661171
661171
659851
652363
647383
647383
647019
628554
618793
618793
618793
618793
618793
618793
618793
618793
618793
618793
611141
611141
595230
595230
595230
595230
595230
595230
589179
589179
589179
589179
578370
578370
560317
560317
560317
560317
560317
560317
560317
560317
560317
560317
560317
560317
560317
552994
549592
545078
545078
545078
545078
532536
532536
530079
530079
530079
530079
523609
523609
523609
523609
519270
519270
519270
519270
519270
518973
514823
514823
511200
511200
511200
511200
506793
506793
502003
502003
