20227.5
20227.5
20227.5
20227.5
20226.9
20203.1
19635.8
19488.9
19488.9
19488.9
19142.2
19142.2
19142.2
19050
18559.7
18517.2
18517.2
18517.2
18517.2
18517.2
18447
18141.5
18141.5
18085.2
17972.7
17749.1
17528.3
17528.3
17423
17423
17423
17423
17423
17423
17423
17423
17423
17423
17423
17023.5
17023.5
17023.5
16998.8
16998.8
16998.8
16998.8
16998.8
16998.8
16641.1
16641.1
16356.6
16356.6
16356.6
16356.6
16356.6
16356.6
16356.6
16356.6
16356.6
16356.6
16356.6
16356.6
16356.6
16356.6
16356.6
16189.1
16189.1
16003.2
16003.2
15894.2
15894.2
15841.2
15831.6
15831.6
15831.6
15831.6
15703.3
15703.3
15635.7
15578.9
15578.9
15578.9
15578.9
15578.9
15578.9
15484.7
15484.7
15484.7
15484.7
15228.8
15228.8
15228.8
15228.8
15228.8
15228.8
15228.8
15228.8
15228.8
15132.7
15036.6
