1.57205e+06
1.57205e+06
1.57205e+06
1.56064e+06
1.53872e+06
1.49789e+06
1.49789e+06
1.49789e+06
1.49789e+06
1.49789e+06
1.49381e+06
1.43557e+06
1.43557e+06
1.43557e+06
1.43557e+06
1.43557e+06
1.43557e+06
1.43557e+06
1.43115e+06
1.42341e+06
1.42341e+06
1.41654e+06
1.41021e+06
1.39761e+06
1.39761e+06
1.37948e+06
1.37948e+06
1.37948e+06
1.37397e+06
1.37397e+06
1.37397e+06
1.37397e+06
1.35057e+06
1.35057e+06
1.35057e+06
1.35057e+06
1.34457e+06
1.34457e+06
1.34457e+06
1.33381e+06
1.33381e+06
1.33381e+06
1.32585e+06
1.32585e+06
1.32585e+06
1.29507e+06
1.29507e+06
1.29507e+06
1.28834e+06
1.28152e+06
1.28152e+06
1.28152e+06
1.26777e+06
1.26777e+06
1.24697e+06
1.24697e+06
1.24697e+06
1.24697e+06
1.24697e+06
1.24697e+06
1.24697e+06
1.24697e+06
1.24151e+06
1.23875e+06
1.23875e+06
1.23875e+06
1.2286e+06
1.2243e+06
1.2115e+06
1.2115e+06
1.2115e+06
1.20746e+06
1.20746e+06
1.20746e+06
1.19754e+06
1.19419e+06
1.19419e+06
1.19419e+06
1.19419e+06
1.19241e+06
1.18755e+06
1.18755e+06
1.18513e+06
1.17039e+06
1.17039e+06
1.17039e+06
1.17039e+06
1.15634e+06
1.15634e+06
1.13545e+06
1.13545e+06
1.13545e+06
1.13545e+06
1.13545e+06
1.13545e+06
1.12811e+06
1.1117e+06
1.1117e+06
1.1117e+06
1.1117e+06
