730757
724017
724017
724017
724017
724017
716726
716726
711583
687662
684148
684148
684148
675346
658271
658271
658271
658271
658271
658271
658271
658271
658271
658271
658271
658271
648258
648258
645128
637412
637412
636089
636089
635195
619518
619518
619518
619518
619174
619174
619174
618967
618967
612710
601520
601520
601520
591300
591300
591300
591300
591300
591300
581193
581193
581193
581193
581193
581193
581193
581193
581193
579174
579174
572603
566172
566172
566172
566129
566129
558946
558946
558946
558946
558946
558946
558943
558943
558943
549410
549410
549410
547379
547379
547379
547379
541264
541264
541264
541264
541264
535160
535160
535160
535044
521394
521394
521394
521394
521394
