497422
484304
484304
484304
484304
484304
484304
469028
469028
469028
469028
469028
450038
450038
450038
450038
450038
443247
443247
435568
435568
423549
423549
423549
423549
422819
422819
422819
422819
422819
422819
418164
412900
412900
411097
406845
406845
399157
399157
399157
399157
399157
398058
398058
397694
382033
382033
382033
382033
382033
382033
382033
381298
381298
381183
381183
379565
373360
368255
368255
368255
367587
367587
367587
361538
361538
361230
361230
361230
352683
352683
352683
352683
352683
349385
345017
345017
345017
345017
345017
345017
345017
345017
340107
340107
336870
336870
336870
336870
336870
336870
336870
334673
334673
334673
334673
334673
331817
331817
327692
