312658
311701
310936
307138
300194
290737
290737
290737
290737
290737
287550
287550
287550
279342
279342
279342
279342
279342
279342
278102
276179
276179
274943
274218
274218
274218
274218
274218
273068
273068
273068
269679
269679
264434
264434
264434
264434
261240
261240
260392
260392
260392
260392
260392
260392
260392
260392
260392
260392
259883
259291
258168
255214
255214
255214
254915
253398
253398
251437
251437
251437
251437
251437
251437
247382
247382
247382
247382
244230
244230
244230
244230
244230
244230
244230
244230
244230
244230
243890
239317
239317
239317
239317
237475
235001
235001
235001
234623
233354
233354
228536
228536
228536
228536
228536
228536
228536
228536
225236
225236
