301033
298478
297481
297481
295208
295208
295208
295208
288081
285954
285954
285954
284432
278914
278914
278914
278914
272669
272323
262715
262715
262715
262715
262715
262715
262715
262715
262715
262715
262715
258492
258492
258220
258220
253906
253906
253906
246292
243856
241223
241223
241223
241223
241223
241223
241223
238122
238122
235556
235556
235556
234273
234273
234273
232449
232449
232449
232449
232449
230894
230894
230894
230894
230894
230894
230894
230320
230320
227915
227915
227915
223321
223321
223092
223092
223092
223092
223092
223092
223092
222942
222942
222942
222926
220407
220407
220407
220407
220407
219907
219907
213807
213807
213807
213807
213807
213807
213807
213807
212526
