234933
232480
218566
218566
218566
215651
215651
215651
215651
215651
215651
215651
215511
214663
214663
214327
213800
212004
210828
210828
207466
198244
198244
197673
196875
196875
196875
196875
196875
196313
196313
195240
195240
193896
193896
193896
192188
192188
192188
192188
192188
187883
187883
186826
186826
186209
186209
186209
186209
183905
183905
181252
181252
179425
172952
172952
172952
172952
172952
172952
172952
172096
172096
172096
172096
170184
167979
167979
167979
167979
166701
166701
164314
161876
161876
161876
161876
160362
158228
158228
158228
158228
158228
157859
156588
156588
156588
156588
156588
156588
154045
154045
151380
151380
151380
151380
151380
151380
151380
151380
