1.03245e+06
1.03245e+06
1.03245e+06
1.0187e+06
1.01454e+06
947007
947007
947007
947007
936496
936496
930772
930772
930772
930772
930772
930772
930772
930772
919254
919009
902222
901943
899062
892864
892864
878917
878917
878917
861938
861938
861938
861938
858107
858107
858107
858107
857907
833695
833695
833695
833695
833695
833695
833695
823143
819131
819131
819131
813372
813372
813372
813372
813372
803909
802603
802603
786035
786035
786035
781903
781903
781903
781903
781903
781903
781903
781903
781903
773879
773879
773879
755699
755699
755699
755699
755699
755699
744230
744230
744230
744230
744230
742536
741794
738758
736889
736889
736889
736889
728716
728716
728716
728716
710329
710329
710329
710329
710329
710329
