11091 696593
677746 22774.6
677746 22774.6
11091 696593
564639 138837
122057 581171
527118 154058
204727 460411
72054.3 598030
313297 361699
442344 226153
138585 562710
270388 405311
332212 357671
668913 27243.3
555072 141910
381646 272744
639321 48631.8
124243 565024
29939.4 628628
232314 430529
185492 467781
210883 449650
256974 418549
211817 438892
72054.3 598030
72054.3 598030
19979.2 671161
427618 235257
22475.3 651824
258805 413650
590413 71153.2
310320 369029
489239 198713
176718 488801
513975 178537
290809 379589
305844 373814
290809 379589
410391 250009
334269 345813
19979.2 671161
471876 219358
495317 191934
50103.3 624123
346224 318018
290145 391910
474618 212909
185492 467781
364298 306637
573025 108730
232314 430529
185492 467781
19979.2 671161
19979.2 671161
427618 235257
149644 514482
603113 56581.2
210883 449650
310320 369029
122057 581171
124243 565024
140342 540576
573025 108730
515581 171441
29939.4 628628
396420 256289
520987 167315
19979.2 671161
481873 206764
372923 276139
211817 438892
349874 312855
50110.9 622852
608605 53014.7
185492 467781
256974 418549
148510 518114
210883 449650
515581 171441
274057 403461
246429 421647
215698 432165
392244 268796
176718 488801
185492 467781
189655 461283
258805 413650
409978 255898
467100 224217
442344 226153
72054.3 598030
19979.2 671161
502476 187051
580267 92560
29939.4 628628
27243.3 650700
277157 392620
438376 234324
416795 240439
