42.2019 1529.97
419.038 72.098
419.038 72.098
419.038 72.098
419.038 72.098
419.038 72.098
419.038 72.098
419.038 72.098
419.038 72.098
419.038 72.098
419.038 72.098
419.038 72.098
419.038 72.098
42.7808 439.958
48.654 398.527
335.333 120.433
351.966 93.4062
82.1018 354.458
320.363 133.235
125.48 316.911
268.387 182.293
338.513 109.029
173.489 271.452
115.986 328.731
280.237 170.435
103.465 337.472
246.776 202.971
191.883 254.596
91.1268 348.095
351.966 93.4062
240.443 207.86
393.874 79.448
288.598 157.166
212.387 230.146
97.183 345.157
226.407 217.836
365.733 88.6454
259.468 185.8
136.64 297.822
296.562 149.493
165.878 275.274
314.08 137.021
231.819 216.465
412.087 78.3647
182.989 262.002
181.665 263.042
131.291 310.707
201.789 242.162
99.2129 340.188
220.378 220.108
62.7704 387.47
338.513 109.029
365.733 88.6454
287.287 162.456
165.878 275.274
117.556 319.556
320.363 133.235
156.028 285.899
109.338 333.376
393.874 79.448
316.747 133.326
155.326 294.797
195.81 248.762
155.326 294.797
155.326 294.797
197.055 246.49
66.6723 377.397
60.7992 394.298
60.7992 394.298
136.64 297.822
131.291 310.707
68.6221 373.66
181.665 263.042
242.09 206.933
252.317 195.81
307.007 137.906
253.156 193.285
412.087 78.3647
208.962 236.334
111.903 330.2
304.503 139.593
136.64 297.822
304.503 139.593
68.6221 373.66
156.028 285.899
314.207 136.588
307.007 137.906
307.007 137.906
197.055 246.49
66.1905 383.551
66.1905 383.551
68.6221 373.66
384.947 83.1883
60.7992 392.08
136.64 297.822
68.6221 373.66
68.6221 373.66
197.055 246.49
68.6221 373.66
68.6221 373.66
