276908 9741.23
276908 9741.23
2105.74 280977
2105.74 280977
2105.74 280977
134971 147111
99711.4 187232
90394.7 188028
246094 37411.8
239883 40804.8
173316 113113
154070 117056
222540 50054.6
236029 43058.8
171301 113380
101633 174330
202463 79680.5
111741 162511
45375.6 224615
77853.3 199784
254014 32954.7
27267.6 243716
227852 49317.8
239883 40804.8
183952 104111
194818 96758.1
48881.3 217900
144749 123939
246094 37411.8
186407 98307.8
179269 108655
169203 114373
141218 127908
110786 164717
207412 60189.7
194818 96758.1
138532 131004
43503.2 225540
65221.4 206579
52871.3 214812
75099.2 206389
194818 96758.1
55625.4 210429
202463 79680.5
44834.3 224770
276407 11995.2
76673.1 205557
228370 44127
10731.6 271006
108871 166859
202463 79680.5
65221.4 206579
119686 147790
123044 147683
179269 108655
37362.3 231441
32880.4 238416
264678 17034.5
37362.3 231441
257763 24110.1
112328 162024
132807 147194
65221.4 206579
254014 32954.7
106647 168894
207182 62141.9
102565 170666
115721 154374
65221.4 206579
254063 24817.3
195700 83069.4
247323 34179
209190 58735.8
114040 158503
11407.3 268503
45375.6 224615
19610.1 256175
257917 21917.5
55967.5 210199
55625.4 210429
9641.05 273998
19190.1 257888
254014 32954.7
268391 15068.8
40390.4 225694
194818 96758.1
268391 15068.8
202463 79680.5
209190 58735.8
228370 44127
79873.5 199525
202473 68375.4
90159.1 189563
15513.6 259822
194818 96758.1
173316 113113
186407 98307.8
228370 44127
183952 104111
254014 32954.7
