1489.2
1461.32
1461.32
1442.64
1427.6
1427.6
1376.18
1376.18
1376.18
1376.18
1323.76
1323.76
1309.93
1309.93
1309.93
1309.93
1309.93
1297.31
1297.31
1297.31
1284.59
1284.59
1284.59
1284.59
1284.59
1245.51
1245.51
1245.51
1245.51
1245.51
1245.51
1229.86
1229.86
1229.86
1229.86
1229.86
1229.86
1229.86
1229.86
1229.86
1229.86
1229.86
1229.86
1229.86
1227.74
1227.74
1227.74
1227.74
1227.74
1227.74
1182.74
1182.74
1182.74
1182.74
1182.74
1182.74
1182.74
1182.74
1182.74
1182.74
1182.74
1175.09
1175.09
1175.09
1175.09
1175.09
1175.09
1175.09
1175.09
1167.59
1167.59
1167.59
1166.07
1166.07
1166.07
1166.07
1166.07
1166.07
1166.07
1166.07
1166.07
1140.4
1140.4
1140.4
1140.4
1140.4
1140.4
1140.4
1140.4
1140.4
1140.4
1140.4
1140.4
1140.4
1140.4
1140.4
1140.4
1140.4
1140.4
1140.09
