491424
491424
491424
491424
491424
491424
491424
491424
487651
476596
473868
473868
473868
473868
473868
458824
458824
458824
443009
428768
428768
428768
426200
426200
426200
426200
426200
426200
426200
426200
415542
415542
399544
398363
398363
396085
396085
396085
396085
387715
381200
381200
381200
381200
372704
372704
372704
372704
372704
372704
372704
371032
366119
366119
366119
359381
359381
359381
359381
359381
359381
359381
359381
359381
358717
358639
358001
358001
358001
355383
355383
355383
355383
355383
355383
355383
355182
347900
347900
345729
345729
345718
345718
345718
345718
341781
341781
341781
341781
341781
341781
341781
341781
333691
333691
333691
333691
333691
333691
333691
