4250 433951
358519 26894.4
358519 26894.4
259083 97230.2
102855 239270
271205 97052.3
231789 132167
298749 69548.1
179892 180496
132440 209313
4650 366984
35048.5 322698
319151 63685.8
71457.8 268943
60887.4 291727
102855 239270
118142 234106
240516 124286
49304.2 300484
276037 80782.1
210708 150361
62164.4 271527
196674 151662
118142 234106
271205 97052.3
246718 115093
348873 26989.6
210708 150361
259083 97230.2
255022 100454
298749 69548.1
18338.5 350952
337637 35397.5
225856 144141
309187 67564.8
236226 125064
123411 224525
192118 171794
298749 69548.1
58110 294888
271205 97052.3
120979 229177
187991 172373
340240 34382.3
275141 94700.3
307630 68968.7
322179 37609.5
210708 150361
348527 27145.3
345248 30498
340240 34382.3
345248 30498
231789 132167
252420 103087
255022 100454
210708 150361
4650 366984
252420 103087
229781 140425
192118 171794
298749 69548.1
343400 31510.3
340035 34385.9
271205 97052.3
255022 100454
255022 100454
192461 168039
215822 144570
337637 35397.5
348527 27145.3
322619 36078.6
340035 34385.9
252420 103087
200109 151381
119717 230220
340240 34382.3
255022 100454
189701 172016
255595 99928.8
341487 31557.2
337637 35397.5
238099 124508
337637 35397.5
340035 34385.9
340798 31603.6
252420 103087
252420 103087
337637 35397.5
255022 100454
252420 103087
255022 100454
340240 34382.3
337637 35397.5
337637 35397.5
