577765
577765
577765
568963
568963
568963
567427
562904
562904
562904
562904
562904
553332
553332
553332
551783
547171
547171
544943
544872
543432
543432
543432
541432
541432
536103
536103
535347
535347
535347
535347
535347
535347
535347
535347
523283
523283
523283
523283
523283
523283
523283
523283
523283
523283
523283
522314
522314
522314
518679
518679
518679
518679
516996
516996
516996
516996
516996
516996
515346
514322
514322
510730
510730
510730
510730
510730
510730
510730
499981
499981
499981
499981
499981
499981
499981
499981
499981
497752
497752
497752
497752
497752
497752
497752
497752
497752
497752
496364
496364
496364
496364
496364
496364
496364
496364
496364
496364
496364
496364
