280977 45064.1
209.086 301781
276748 47931.7
193245 88732.4
30956.7 246146
109344 176458
188346 91272.6
124054 165407
238108 59930.7
115928 169595
143510 127560
191101 89579.4
248666 57115.4
155532 117233
183167 91687.5
94070.1 177305
134415 131122
127081 135042
50399.3 234671
19596.9 257791
47464.3 242193
124054 165407
57167.9 222212
47809.6 235559
115928 169595
20945.9 253235
112093 172911
151307 119246
67764.5 215292
89554.6 186917
144611 127234
183221 91465.3
200734 85672.4
182787 93018.7
53345.3 228426
145917 120275
190366 89815.1
70352.4 198951
214742 75132.1
72384.2 195991
250883 53997.7
139201 128057
173427 96063.9
233018 69037.5
170701 101332
160413 104701
175835 93081.8
134415 131122
131884 133139
121539 167618
229863 72672.1
2689.41 276667
229618 74267.4
151307 119246
235838 65490.4
113851 171958
157467 105873
134415 131122
54916.7 226025
92394.5 181180
167722 103470
200734 85672.4
57167.9 222212
247075 58664.1
234648 65741.5
236927 61392.3
130314 134295
80421 191697
88043.5 189525
160413 104701
243875 59406.9
25332.9 250953
170785 99306
20945.9 253235
157467 105873
231837 69685
63663.8 216319
139201 128057
166102 103490
50399.3 234671
168028 101399
171034 97330.3
119420 169302
131884 133139
151307 119246
230411 69971.3
173792 94248.6
28115.5 250282
200110 86931.9
230373 70322.7
171034 97330.3
88043.5 189525
131394 133445
134415 131122
171034 97330.3
233018 69037.5
88043.5 189525
123845 165830
130314 134295
233018 69037.5
