740825
735192
735192
735192
735192
722600
722600
700075
700075
700075
698465
698465
696424
696424
696424
696424
696424
696424
696424
695831
687187
687187
687187
682469
682469
682469
675050
672512
672512
672512
672512
672512
672512
672512
672460
662532
662532
662532
662532
659629
659629
656512
656512
649475
649475
649475
649475
649475
644409
644409
644409
641204
641204
641204
641204
635283
635283
635283
635283
635283
635283
633784
633784
632413
627306
627306
627306
627306
627306
627306
625555
625555
625555
625555
625555
625555
625555
625555
625555
625017
625017
625017
623939
623939
623939
623939
623939
616954
616954
616954
616954
614215
614215
612279
612279
610593
610593
610172
610172
610172
