2326.24 80904.2
99875.7 2326.24
84573.5 5929.78
24966.7 51554.7
54738.9 24226.6
22171.1 56503.6
69174.1 13221.5
29462.7 48434.8
5968.43 74785.7
52761.2 26481.7
94971.4 3773.44
48067 29783.1
88387.7 5627.82
94195.5 5399.1
35063.7 43238.1
94195.5 5399.1
94389.4 3773.44
3887.18 76055.1
73605.3 7588.92
39712.9 39395.9
9703.63 69861.5
43492.4 35123.3
23964.7 53351.6
88430.9 5623.56
34916 43841.5
38797.1 40919.8
30477.4 45318.7
63913.3 18122.8
64515.2 16591.8
12832.7 66309.9
19848.6 58145
23168.1 55410
9847.78 68783.6
46238.7 30270.2
65355.1 13944.6
59025.9 21850.9
62601.3 21798
27645.6 50354.4
49670.1 27258.8
59021.3 22396.8
37925.5 41383.1
2327.24 77931.9
26398.3 51337.6
37290 43102.9
66598 13790.5
6088.44 70669.6
11597.8 66348.9
19610 62097.8
65588.2 13920.5
53858.1 25381.8
41061.9 35236
15488.8 62655
49670.1 27258.8
9703.63 69861.5
13583.6 64478.2
6085.25 74216.5
9703.63 69861.5
13022.1 65358.1
