233878
231833
231833
229995
229399
228353
228353
227925
227680
227680
224445
224445
221809
221809
221809
221809
221809
218368
218368
218368
218368
218368
218368
218368
216171
213807
213807
213807
213040
212398
211280
209616
209616
209616
209616
209616
209616
206320
206320
206320
206320
206320
206284
206284
206284
206284
206284
206284
205117
205117
205117
205117
205117
205117
204259
204259
204259
204259
204259
204259
204259
202571
202571
202571
202571
202554
200598
200598
200598
200598
200598
200598
200598
200598
200598
200293
200293
200293
200293
200293
200293
199793
199793
199793
198622
198622
198622
198622
197239
197239
197239
197239
197239
197239
197239
197239
196597
196597
196597
196597
