761490
761490
761490
754350
740403
738180
738180
721722
721722
721722
721722
721722
721722
721722
714038
714038
714038
714038
714038
706933
706933
706933
706550
706550
702424
685454
685454
685454
685454
685454
685454
685454
675067
675067
675067
675067
675067
675067
675067
675067
675067
669715
669715
669715
669715
669715
669715
669715
669715
669715
669715
669715
649588
649588
649588
649588
649588
649588
649588
649588
649588
649588
645201
642482
642482
642482
642482
642482
642482
642482
642482
642482
642482
642482
640789
640789
640789
644796
644796
644796
644796
644796
636132
636132
636132
636132
636132
636132
636132
636132
636132
636132
636132
636132
636132
636132
636132
626388
626388
626388
