8713.92 150.57
0 9242.31
36402.3 0
52.2641 7473.08
6327.75 544.078
2376.6 4433.19
5752.72 914.958
2735.69 4246.09
83.6066 6749.14
4984.91 1746.08
1791.41 4959.74
3910.59 2713.37
6602.83 179.714
3487.54 3339.01
1199.57 5463.26
9752.16 11144.1
20490.9 9180.5
3205.74 3658.35
1589.05 9146.61
4983.85 12944.2
460.711 6011.68
718.269 23621.9
8219.83 7992.52
4107.85 15686.6
13784.1 18441.3
1774.77 5129.46
2866.69 21645
231.521 6372.47
4621.82 1949.07
3469.73 3652.23
1416.39 12213.7
5260.42 1299.03
187.175 6467.63
380.844 6165.8
3165.15 4026.36
434.737 15368.6
12332.5 22080.2
296.94 6303.08
5981.16 756.066
26382.4 10618.5
39606.2 5282.9
10194.2 24285.3
3640.24 14069.3
3995.15 4385.2
1660.73 5186.81
1005.48 5733.23
21790.4 7920.18
5699.77 1150.21
5584.36 1256.13
151.322 6671.71
16522.9 18490.7
11269.3 23168
2374.64 4506.92
478.464 8860.98
1992.31 4714.67
389.457 6063.31
550.228 17506
8716.08 27537.7
9391.18 27223.5
767.145 5772.97
1534.92 5368.85
4036.85 2644.63
4355.85 2623.35
2840.7 4237.16
305.554 6235.43
23217 23285.2
5941.66 41457.2
8319.08 37882.6
1711.17 44483
5534.39 39035.1
26915.2 22203.9
7021.92 36503
6682.99 39063.8
29090 17214.6
3196.07 43138.8
12641 33473.4
26598 19286.2
17695 29776.1
416.195 43394.5
1294.05 45891.8
457.499 43140.3
1347.24 44675.7
14774.8 30341.5
30240.4 16907.8
21254.1 24884.8
16832 28708
4155.79 41504.2
15637.5 29434.6
6501.17 37351.5
16666.3 28641.4
2360.15 40628.6
13328.6 31794.4
13247.9 30700.9
457.433 47415.9
17483.5 25333.6
17185.1 29015.6
11849.1 37011.3
34618.4 11219.7
31028.8 13856.1
11415.1 12340.2
