4462.69 687867
604738 24322.9
604738 24322.9
604738 24322.9
604738 24322.9
251919 424528
184186 458852
373825 292402
533128 110693
66624.6 565425
547382 81194.9
413511 246851
6359.79 622780
537973 109989
192972 453927
465244 189481
399428 251506
288613 353819
373825 292402
486494 146940
297617 341239
174842 485531
262415 384796
546941 84326.1
319267 312458
577476 47658.1
483349 162565
184186 458852
192972 453927
117209 520045
432077 225629
269474 358139
174842 485531
422445 234380
500652 133832
133663 491917
82267 550544
433638 222891
413511 246851
603357 27789.8
90662.1 539607
101940 530056
448856 199669
448856 199669
581532 46681.6
354355 305729
520768 125614
354355 305729
309381 332902
178620 479960
258139 410624
19446.7 612247
107784 522936
465244 189481
391950 259600
561724 57732.1
322814 310642
251919 424528
584162 37383.9
309381 332902
593663 27942.4
448856 199669
101940 530056
24537.5 602810
483349 162565
40763.6 575698
448856 199669
440347 212579
288613 353819
288613 353819
483349 162565
537973 109989
465244 189481
309381 332902
72607.5 559189
133663 491917
483349 162565
413511 246851
561724 57732.1
101940 530056
27942.4 600729
520768 125614
117971 513143
368228 293177
501923 126703
312643 324620
465244 189481
269474 358139
415834 241963
179219 468542
121884 503279
262037 386304
27942.4 600729
40763.6 575698
483349 162565
465244 189481
557655 59186.5
32673.5 583371
573905 51999
19428.2 613721
