994462
972547
972547
972547
972547
972547
972547
960968
959049
959049
954576
945581
932083
932083
932083
932083
930748
930748
930748
932083
927741
927741
926942
926942
926942
922608
922608
922608
922608
922608
922608
922608
922608
922608
922608
922608
922608
922608
922608
922608
922608
918988
918988
918988
918001
918001
918001
918001
918001
918001
918001
918001
916524
916524
916524
909483
909483
909483
909483
909483
909483
904128
904128
904128
904128
904128
904128
904128
904128
894351
894351
894351
894351
894351
894351
894351
894351
894351
894351
894351
894351
894351
894303
894303
894303
894303
894303
889060
889060
889060
889060
889060
889060
889060
889060
889060
887392
887392
887392
887392
