1.29313e+06 9987.6
4242.64 1.27841e+06
942288 394088
671869 671602
411309 933739
1.01073e+06 335576
1.13866e+06 198878
992795 346355
404269 961466
502080 859458
992795 346355
492114 872056
600172 755926
1.1517e+06 177347
862782 495429
349561 996565
651425 682604
633722 702428
1.0664e+06 254003
705990 634801
600172 755926
523234 852451
143291 1.18055e+06
293331 1.05932e+06
729597 599052
349561 996565
1.13432e+06 200237
164282 1.17157e+06
839434 513877
913211 427005
1.11387e+06 205714
339211 999310
180818 1.14265e+06
1.13432e+06 200237
1.0664e+06 254003
1.04256e+06 270724
955833 373461
1.21804e+06 76352.9
54081.2 1.22447e+06
1.2387e+06 60009.9
565667 762361
785117 563192
478413 887993
1.25074e+06 39480
115843 1.22049e+06
1.27637e+06 26384.5
438221 910951
332261 1.00365e+06
804333 550706
745061 574020
689973 637878
530347 808790
868080 482633
207922 1.11601e+06
293331 1.05932e+06
225293 1.10197e+06
898500 434095
248961 1.07195e+06
1.1716e+06 119777
530174 813599
942288 394088
354628 978367
885561 434691
462226 901208
729597 599052
883057 436040
717528 602306
1.01716e+06 276800
315749 1.02817e+06
47577 1.25302e+06
177487 1.15095e+06
712297 604193
705990 634801
298987 1.03698e+06
626832 733183
922984 414879
1.19438e+06 108464
120667 1.20939e+06
227177 1.08929e+06
242281 1.07757e+06
804333 550706
554869 779867
540972 788488
438197 919252
616482 735928
1.07248e+06 252105
705990 634801
804333 550706
736473 577884
1.16045e+06 151620
1.27066e+06 32548.7
1.21804e+06 76352.9
411194 938691
361258 969282
293331 1.05932e+06
966313 371148
762361 573968
821234 533512
804333 550706
1.05605e+06 256748
