641322 22018.2
1985.32 728023
1985.32 728023
641322 22018.2
547718 102723
604855 60222
265046 362261
607387 54292
430009 191549
183502 451781
19864.3 613813
406683 207532
471838 145116
143795 513687
309277 303002
273074 357970
576969 73913
607387 54292
604855 60222
273074 357970
547718 102723
484918 130435
198737 434766
143795 513687
33136 589747
273074 357970
376874 247460
79957 538257
547718 102723
219178 403823
19864.3 613813
56204.3 565166
570971 77083
289596 338514
387130 239265
607387 54292
143795 513687
432295 191107
227276 403620
183502 451781
462146 151239
337869 276443
198737 434766
397773 221685
347302 263291
367662 256426
547718 102723
184415 448414
604855 60222
432295 191107
56204.3 565166
303640 320410
567779 77116.7
570971 77083
507111 108026
92655.2 532879
547718 102723
198737 434766
94241.9 529739
460550 151852
94241.9 529739
56204.3 565166
301272 323359
367662 256426
387130 239265
387195 222978
241014 370921
604855 60222
54292 584264
236242 394659
430009 191549
227276 403620
273074 357970
352366 261102
277520 357139
273074 357970
352366 261102
256258 362614
184415 448414
547718 102723
547718 102723
387195 222978
344060 276346
346496 275797
87663.3 533037
346496 275797
143795 513687
268444 361012
346496 275797
607387 54292
604855 60222
567779 77116.7
430009 191549
547718 102723
