571209 16533.5
571209 16533.5
3317.68 499554
571209 16533.5
571209 16533.5
481926 42207.6
50712.6 465028
319438 207679
300267 218740
39599.9 471404
290055 232358
247994 261081
436412 82846.4
416199 103163
375237 143338
244392 267046
487486 32241.6
324016 200153
451903 63493.1
293921 227637
308970 214520
390178 128330
78854.6 437050
503455 18409.7
90148.9 429949
195671 304871
66158.7 450516
471417 45587.3
85200.1 430386
370403 149729
402578 114049
410409 108712
326423 197900
220832 283724
348069 163263
309896 210581
139969 374560
181917 330390
169919 348204
66158.7 450516
30248.3 482251
360434 152717
217560 288413
175847 343252
24883.6 490256
421469 90824.9
194628 326575
141604 354555
270305 240563
326423 197900
451903 63493.1
117023 380801
502453 23037.5
378714 133299
344811 169598
59813.3 455082
471417 45587.3
59688.1 459236
395225 123146
230903 273264
451903 63493.1
130474 375244
253087 251272
451903 63493.1
489461 23403.2
169919 348204
259829 243175
276565 239180
38999.7 479800
23037.5 497650
140655 374051
421121 102419
421469 90824.9
286442 234246
422252 83306.8
212576 294515
465892 49865.4
66158.7 450516
51113.6 464867
442081 65829.4
344811 169598
162873 353680
59688.1 459236
97130.3 398411
328674 182282
230903 273264
92238.7 425345
241968 268853
401821 122270
283413 235268
110582 396958
70834.7 441511
195671 304871
116786 389244
141604 354555
128135 378490
49865.4 467360
253087 251272
230903 273264
410409 108712
