307357
307357
307357
304620
299267
299267
298839
298839
298839
296013
293576
291950
291950
291950
291950
286676
284769
280622
280622
280478
280077
275108
275108
275108
275108
275108
275108
275108
275108
274803
274704
274704
274704
271914
271830
271830
271830
271830
271830
271830
271824
271824
271824
271589
271589
271589
271589
271589
271589
271589
271589
269241
269241
269241
269241
269241
269241
269241
269241
269241
269241
269241
269241
269241
268288
268288
268288
268288
268288
268288
268288
268288
268288
268288
267084
267084
267084
267084
267084
267084
267084
267084
267084
267084
268288
268288
268288
268288
268288
268288
268288
268288
268288
268288
268288
268288
268165
268165
267860
267495
