1671.94 92378.9
86057 2119.07
89579.7 2108.74
57602.2 34073.8
26316.9 66784.2
10715.8 82080.2
41985.8 48383.1
47830.9 44342.1
50218.5 38557.9
27224.7 63011.3
22697.9 71782.8
71631.9 18997.4
7137.66 85602.9
28421.6 61375.3
8897.17 84182.6
53719.3 34074.7
47878.7 44168.3
68637.6 22811.3
80663 13216.9
41812 48426.9
12287.1 80802.1
63002.1 27263.5
23941.5 67729.8
23137.6 68762
65691.4 24752.8
78741.2 14291.7
60683 29389.8
23137.6 68762
37240.2 49327
53719.3 34074.7
14073.1 78920.2
47878.7 44168.3
49867.8 38869
68637.6 22811.3
23137.6 68762
32365 55034.4
48778.8 39919.3
18874.2 73793.1
30893.7 57242.7
27208 63343.6
69104.2 21863.8
11692.5 81202.7
57602.2 34073.8
41812 48426.9
3568.06 86113.7
57602.2 34073.8
85862.5 3568.06
2108.74 90936.8
46846.6 45229.7
5551.8 85877.8
34982.6 53902.2
70084.3 21058.3
77833.7 15644.7
10715.8 82080.2
77109.1 17646.1
26151 67299.7
59381.2 30971.9
42873.4 47394.8
85366.7 6304.23
17728.7 74947.6
2119.07 86882.3
10585.8 83124
31717 56101.3
22697.9 71782.8
83363.4 6929.86
32836.3 54225.2
2119.07 86882.3
77833.7 15644.7
29114.8 60786
53719.3 34074.7
57602.2 34073.8
52305.9 37152.7
59381.2 30971.9
14500.5 75988.3
53719.3 34074.7
22659.2 72737.2
57602.2 34073.8
73291.9 18080
64582.3 26436.7
36395.4 50766.6
82644.3 6939.67
48778.8 39919.3
81365.4 7521.3
35454 51537.7
85701.3 5084.83
59388.5 30535.3
8897.17 84182.6
34982.6 53902.2
29843.1 57961.7
26316.9 66784.2
78741.2 14291.7
74163.4 17851.9
57602.2 34073.8
58778.4 33720.7
86057 2119.07
36279.1 51282.1
23137.6 68762
14500.5 75988.3
58785.6 33388.4
8767.18 84617.2
