11.1803 1136.98
11.1803 1136.98
11.1803 1136.98
1431.37 79.9781
49.2594 1098.48
829.69 256.982
772.185 311.355
1387.81 90.8988
1387.81 90.8988
49.2594 1098.48
49.2594 1098.48
480.591 684.541
432.622 690.759
505.456 630.169
680.9 433.902
480.927 678.655
49.2594 1098.48
881.173 140.184
708.257 424.526
835.038 234.181
405.457 747.159
835.845 211.939
625.787 463.553
422.495 694.905
625.787 463.553
480.927 678.655
993.487 91.5518
913.17 110.897
508.055 604.892
49.2594 1098.48
136.33 875.029
576.945 535.878
542.414 580.259
625.744 473.88
168.319 855.769
959.098 92.9624
211.5 854.005
49.2594 1098.48
348.917 782.753
959.098 92.9624
91.1039 943.025
405.457 747.159
619.68 505.106
272.85 790.124
49.2594 1098.48
490.689 660.877
726.545 332.22
422.495 694.905
505.456 630.169
593.733 522.814
168.319 855.769
505.456 630.169
211.5 854.005
480.591 684.541
493.981 647.87
242.365 813.243
432.622 690.759
625.787 463.553
926.901 110.751
110.751 897.465
11.1803 1136.98
672.059 442.893
505.456 630.169
94.5555 929.608
642.065 446.515
405.457 747.159
672.059 442.893
480.927 678.655
242.028 837.599
505.456 630.169
812.946 305.388
211.5 854.005
642.065 446.515
480.591 684.541
505.456 630.169
94.5555 929.608
94.5555 929.608
812.946 305.388
242.365 813.243
881.173 140.184
211.5 854.005
844.18 172.477
480.927 678.655
543.192 540.881
49.2594 1098.48
414.829 719.907
480.591 684.541
136.33 875.029
136.33 875.029
642.065 446.515
209.467 854.95
625.787 463.553
242.365 813.243
493.981 647.87
94.5555 929.608
913.17 110.897
94.5555 929.608
211.5 854.005
480.591 684.541
136.33 875.029
