645703 19065.7
645703 19065.7
5469.06 652829
645703 19065.7
5469.06 652829
645703 19065.7
92229.3 561125
335363 295543
485055 184728
355015 276156
517655 139230
541857 110883
459073 198572
161724 484867
585085 68344.3
345573 283649
538893 114686
145024 496942
410877 250023
475820 189220
399781 257332
574911 89337.9
140340 512200
187585 468550
135484 530862
485251 161389
541857 110883
309095 343997
309095 343997
570836 93286.4
161724 484867
135484 530862
475820 189220
595297 61646.6
372875 258386
172549 473706
478854 185620
345573 283649
309095 343997
558378 104854
211379 431829
624583 36821.4
415623 230173
271680 375301
328821 337099
442983 206380
187585 468550
485136 173182
271680 375301
475820 189220
194423 451468
252566 409994
520227 124179
451668 201268
595297 61646.6
96032.7 546749
29899 617464
42283.4 607523
623128 37688.8
345573 283649
442568 214409
171193 481485
372875 258386
105246 537917
309095 343997
328821 337099
304438 345886
296765 358225
187585 468550
19065.7 623890
507160 143005
399781 257332
344538 285020
252566 409994
558378 104854
105246 537917
611370 44714.7
334948 304507
353449 283408
558378 104854
471307 190996
126990 531447
564934 95033.1
105246 537917
73720.6 564237
49582.2 586915
491356 155929
558378 104854
48793.5 603636
545686 106211
520227 124179
310391 338680
491356 155929
161724 484867
491855 144061
529505 117010
90772.6 562872
187585 468550
310391 338680
95026.2 553427
