720728
720728
720728
718104
715384
715076
714053
714053
710117
710117
698367
690856
690856
690856
690856
690856
690856
683970
683970
680523
675638
675638
674128
674128
674128
671498
671498
665239
660628
655987
655987
655987
651457
651457
651457
649905
649905
649905
646174
646174
646174
646174
646174
646174
643170
643170
640880
640880
640880
643170
637069
637069
636345
636345
636345
636345
636345
636345
625704
625704
625704
625704
625704
625704
625704
625704
625704
625704
625704
625704
625704
625704
625704
625704
625704
625704
625704
625704
625704
623510
622174
622174
622174
622174
622174
622174
622174
622174
622174
622174
621708
621708
621708
621708
621708
621708
621708
621708
618127
618127
