479529
479529
479529
479529
479529
479529
479529
478632
478632
478632
478632
478575
478575
476672
474305
467518
467518
466206
462790
440201
440201
440201
440201
440201
440201
440201
440201
440201
440201
440201
440201
440201
440201
440201
440201
440201
440201
440201
440201
440201
440201
440201
440201
440201
439867
439867
436647
436647
436647
432463
432463
432463
432463
432463
432463
431340
431340
431340
429047
429047
429047
429047
429047
429047
429047
423488
423488
423488
423488
423488
423488
423488
423488
423488
416654
416654
416654
416654
416654
416654
416654
416654
412519
412519
411738
411738
411738
411738
411738
411738
409785
409785
409785
409785
409785
409785
406070
406070
406070
406070
