108828
108828
106291
106291
106291
104257
104257
102989
102989
101840
101840
97316.7
96911.7
96911.7
96911.7
96911.7
96911.7
95895.6
95895.6
95895.6
95895.6
95895.6
95169
95169
94599.9
94599.9
94599.9
94599.9
94599.9
93388.8
93388.8
93388.8
93388.8
93388.8
93388.8
93388.8
92027.4
92027.4
92027.4
91849.5
91849.5
90510.4
90510.4
90217.3
89833.8
89833.8
89833.8
89833.8
89682
89682
89682
88191.9
86917.8
86917.8
86917.8
86917.8
86917.8
86917.8
86917.8
86917.8
85954.3
85954.3
85954.3
85954.3
85954.3
85954.3
85954.3
85954.3
85954.3
85954.3
84638.3
84638.3
84638.3
84638.3
84638.3
84638.3
84638.3
84638.3
84591.9
84591.9
84591.9
84591.9
84591.9
82707
82707
82707
82707
82707
82707
82707
82707
82707
82707
82707
82707
82707
82707
82707
82707
82617.4
