1.47027e+06
1.42605e+06
1.42605e+06
1.41807e+06
1.41807e+06
1.41807e+06
1.41807e+06
1.41807e+06
1.41807e+06
1.40351e+06
1.40351e+06
1.3937e+06
1.3937e+06
1.3937e+06
1.37608e+06
1.37608e+06
1.37608e+06
1.37608e+06
1.37608e+06
1.37511e+06
1.36415e+06
1.3449e+06
1.3449e+06
1.34223e+06
1.34106e+06
1.34106e+06
1.3399e+06
1.3399e+06
1.3399e+06
1.3399e+06
1.33649e+06
1.33649e+06
1.32628e+06
1.32628e+06
1.32628e+06
1.31766e+06
1.31766e+06
1.31766e+06
1.31766e+06
1.31766e+06
1.314e+06
1.314e+06
1.314e+06
1.314e+06
1.314e+06
1.3125e+06
1.3125e+06
1.3125e+06
1.3125e+06
1.31084e+06
1.31084e+06
1.31084e+06
1.30624e+06
1.29794e+06
1.29794e+06
1.29794e+06
1.29794e+06
1.29364e+06
1.29364e+06
1.29364e+06
1.29364e+06
1.29364e+06
1.29364e+06
1.29364e+06
1.29364e+06
1.29364e+06
1.29364e+06
1.28497e+06
1.28497e+06
1.28494e+06
1.28494e+06
1.28494e+06
1.28494e+06
1.28461e+06
1.25533e+06
1.25533e+06
1.25533e+06
1.25533e+06
1.25533e+06
1.25533e+06
1.25533e+06
1.25533e+06
1.25533e+06
1.25533e+06
1.25533e+06
1.25533e+06
1.25533e+06
1.25533e+06
1.25533e+06
1.25533e+06
1.25533e+06
1.25533e+06
1.25533e+06
1.25533e+06
1.25533e+06
1.25533e+06
1.25533e+06
1.25533e+06
1.25533e+06
1.25533e+06
