890110 13695.1
5450 876117
5450 876117
379536 585108
748895 134801
717283 185275
687016 216442
399558 506756
419079 487683
305314 605252
182576 714537
815559 102717
566418 351598
583635 332870
748895 134801
444050 467364
221992 690820
383980 524266
503164 398756
821310 92255.2
662000 252307
542618 384651
525491 394229
113123 777815
642340 268355
702757 194307
128043 763599
744626 139694
674596 236769
67018.9 839946
586584 307774
717283 185275
818648 101557
733958 162146
673912 240020
861341 25118.7
632485 276926
658249 253645
839371 69648.2
226781 688659
868962 17228.9
130109 755529
122232 777269
830495 85333.7
178084 717962
217757 701738
160884 742863
447960 462664
186771 710160
275877 650857
166436 727033
379536 585108
24828.2 861685
252002 656872
701888 200407
674596 236769
845105 66070.6
220413 696109
24828.2 861685
647422 260826
570756 336709
748895 134801
283387 623370
497991 420482
300135 614462
623560 285880
419079 487683
44808.3 861506
586584 307774
729689 165734
221992 690820
815559 102717
693592 205086
474252 442974
744626 139694
837543 75582.1
169175 725118
733958 162146
623560 285880
166638 726695
479332 438627
460399 459337
733958 162146
486534 424282
482220 425783
851333 29680.7
479332 438627
107672 805492
815559 102717
815559 102717
240478 666130
467283 453128
49486 845714
479332 438627
275877 650857
658249 253645
546111 352067
153672 744234
846730 63219.6
186771 710160
