734415
734415
730444
730444
730444
726720
726720
726720
726720
694686
694686
694686
694686
694686
694686
682796
682796
679893
679893
678903
671425
671425
671425
671425
670571
670571
670571
670571
670571
670571
656263
656263
656263
656263
656263
656263
656263
656263
656263
650526
650526
650526
650526
650526
650526
650526
650526
650526
646174
646174
646174
645020
645020
645020
645020
645020
645020
645020
645020
645020
645020
645020
645020
643734
633976
633976
633976
631608
631608
631608
631608
631608
631608
631608
631608
631608
631608
631608
631608
631608
631608
631608
631608
631608
631608
631608
631608
631608
631608
631608
631608
631608
631608
631608
631608
631608
631608
631608
631608
631608
