215412 949.748
753.17 180495
199661 5149.14
76339 112299
118449 67407.5
125631 75311.8
179350 10469
156473 33137.5
146796 45928.1
52583.1 173211
100921 90108.9
175846 30361.5
145886 86686.5
198759 7120.59
108387 75203.5
193041 9165.77
193474 40883.2
128288 109216
121332 63605.3
190533 60841.4
173769 36706.5
119097 96022.7
66863.4 118853
104160 119528
89848.3 103352
137256 49572.9
40048.1 150157
185574 67910.6
66783.6 121332
128721 58778.4
15438 181087
33602.8 153380
107080 83560.7
157194 20289.5
41705.9 144112
103938 84198.4
179744 72176.9
185997 32931.4
15408.6 168628
40467.6 186613
134091 56757.3
171400 15160.1
107117 98097.6
212124 40797.5
124438 87848.5
102087 85100.4
134679 52863.8
193118 35455.9
214413 4995.15
140886 48297.2
106870 119158
36869.2 152241
20289.7 212689
159177 74734.6
83827.6 107078
57600.9 132715
48128.8 135294
171501 20378
148788 40522.9
24517.6 161032
55602.7 125513
16525.8 217296
52683.8 134717
215416 45757
58417.8 188390
24539.1 168879
111967 71289.7
57600.9 121718
51808.9 174592
13068.7 174086
145718 79619.5
93645.1 90544.9
84198.4 103938
45723.7 137406
128222 113079
80902.5 159881
131682 56973.4
23278.6 165345
61388.7 126995
25418.7 175634
116870 69779.7
761.825 174471
15904.4 166215
175693 34311.2
155407 34958.6
41088.3 147030
14405.8 172003
109268 102401
58279.6 130479
16525.8 217043
104173 84198.4
125676 109714
184689 70215.4
119507 95988.4
71607.6 118084
24163.6 167498
16525.8 217043
54784.7 129256
78567.2 107316
153266 36947.2
