814663 13793.9
4257.49 814809
323195 539820
554903 291102
256900 621891
626211 228266
501698 363859
269940 611439
236132 646569
748550 62536.5
728889 109336
201496 651549
542729 325727
126773 714084
701849 139439
790551 15655.6
747255 95317.2
179128 681077
606789 245033
55490.9 765521
748550 62536.5
249360 626352
322300 552243
232163 648530
773114 52004.9
598878 247835
32755.5 785688
372428 482106
346799 514650
87405.5 747402
284535 557499
643662 207187
607038 242565
790551 15655.6
92944.8 741866
87405.5 747402
513300 339036
595105 250526
54759.8 770951
653789 201560
424977 429985
545671 319960
400227 446020
350112 498358
786639 32755.5
465814 385387
334648 516324
786639 32755.5
247002 629488
545671 319960
786639 32755.5
62536.5 751603
424977 429985
747255 95317.2
101116 714581
87405.5 747402
62536.5 751603
748550 62536.5
636652 219089
14699.5 799556
461530 394034
424977 429985
62536.5 751603
378780 469264
598878 247835
400141 446233
686177 171177
708218 110356
728889 109336
790551 15655.6
201414 652795
62536.5 751603
598878 247835
126773 714084
34375 774874
512352 343076
92944.8 741866
469692 371282
276101 585515
790551 15655.6
595105 250526
424977 429985
680988 191364
469692 371282
350617 492535
277821 574269
429517 414351
13789.9 811579
730686 102657
524949 329363
632030 220866
424977 429985
15655.6 789600
445238 402429
681555 181038
184844 664686
653789 201560
654546 195845
334648 516324
748550 62536.5
