43837.4 525.861
62.0081 37069.7
62.0081 37069.7
32716.4 5688.17
10434.4 26030.2
19332.4 18380.6
32033.1 6284.83
36701.2 1918.24
8294.42 29791.9
36972.5 763.988
11297.4 25167.4
21869.1 14043.6
8022.33 30049.2
13057.6 23038.5
5454.14 32221
9378.26 26515.2
29368.9 9365.31
17352.9 22113.8
36498.9 2133.75
24976.8 11746.7
17347 22950.7
11679.3 24224.6
19559 17967
12912.7 23110
8853.44 28382.2
18208.9 20199
8663.49 29040.4
763.988 35997.4
29368.9 9365.31
7237.04 30252.1
17347 22950.7
33737.2 3604.89
26359.7 10402.2
21596.1 16274.3
34101.2 3593.38
31027.2 6367.83
20994.8 17235
29804 7807.38
12100.6 23447.8
9289.42 27175.9
26359.7 10402.2
6175.1 31252.1
2087.98 35138.2
32918 4629.12
20302.1 17607.4
10434.4 26030.2
5486.25 31384.4
21869.1 14043.6
34767.1 2253.64
17347 22950.7
4286.73 33340.1
11386.3 24281.5
12912.7 23110
29565.2 9125.76
23095.3 13333.7
22140.8 13670
17805 20537.8
1508.45 35290.4
6175.1 31252.1
24216.9 11901.1
32977.3 3737.71
4286.73 33340.1
12912.7 23110
20994.8 17235
2878.52 33786.4
34485.2 2878.52
12166.9 23383.3
2087.98 35138.2
34767.1 2253.64
4286.73 33340.1
29037.1 9539.32
30011.2 7443.14
22917.5 13641.6
4286.73 33340.1
12805.6 23202.6
34767.1 2253.64
10770.2 25457.8
4286.73 33340.1
18862.5 19449.9
18862.5 19449.9
11844.9 23666.6
5153.95 32278.9
2161.84 34450.1
30491.5 7027
6431.79 31127.9
27411.8 9923.29
33209.1 3690.94
24069.1 12703.2
27800.8 9777.35
29565.2 9125.76
29565.2 9125.76
23321.9 12920.2
4286.73 33340.1
32033.1 6284.83
8469.71 29324.2
6175.1 31252.1
7237.04 30252.1
8022.33 30049.2
11844.9 23666.6
22140.8 13670
