1383.18
1383.18
1383.18
1376.03
1376.03
1357.05
1357.05
1357.05
1294.39
1294.39
1294.39
1294.39
1294.39
1294.39
1294.39
1294.39
1294.39
1291.96
1291.96
1291.96
1291.96
1291.96
1291.96
1291.96
1291.96
1291.96
1291.96
1266.98
1266.98
1266.98
1266.98
1266.98
1266.98
1266.98
1265.57
1248.68
1248.68
1248.68
1248.68
1219.95
1219.95
1219.95
1170.25
1170.25
1170.25
1170.25
1170.25
1170.25
1170.25
1170.25
1170.25
1170.25
1170.25
1170.25
1170.25
1170.25
1170.25
1152.85
1152.85
1152.85
1152.85
1134.81
1134.81
1134.81
1134.81
1134.81
1134.81
1106.76
1106.76
1106.76
1106.76
1106.76
1106.76
1106.76
1106.76
1095.18
1095.18
1095.18
1095.18
1095.18
1095.18
1095.18
1095.18
1079.12
1079.12
1079.12
1079.12
1079.12
1079.12
1079.12
1079.12
1079.12
1077.5
1077.5
1073.15
1069.64
1069.64
1069.64
1065.1
1065.1
