331814 4814.86
3544.34 300464
3544.34 300464
308727 20392.6
5585.49 283911
35953.3 261240
203397 92611.2
265620 44378.6
260764 45496.8
111360 168509
224497 79209.3
96520.4 186665
190691 97225.5
117826 162822
226896 77021.2
68839.7 199448
168647 118240
190451 102874
287003 22669.7
234396 69320.8
18868 270161
215013 88105.2
68839.7 199448
68839.7 199448
155055 139822
101635 180069
162277 125652
219457 84616.7
272553 35629.5
274850 31566.3
253784 49144.9
135878 143556
37734.1 255168
163948 122372
54682.3 224232
50543.4 228154
242278 59009.7
170612 109142
258552 49079.6
113295 164623
253784 49144.9
183436 103177
104811 176517
242278 59009.7
55184.4 220757
122513 151714
217022 86073.3
287003 22669.7
55992 215821
273729 33328.7
98704.3 181530
282890 28437.8
227980 75431
58407 211828
217022 86073.3
69088.4 198772
220243 81919.5
138429 142289
19672.8 261304
271433 37820.2
245733 55277.4
267646 42048.3
170603 110508
68839.7 199448
36591.1 257502
179498 103951
138429 142289
65477.9 202858
211639 91094.1
157183 128089
246782 52522.3
43531.9 249406
133031 146257
278751 29323
131049 147253
108945 173318
48951.7 243507
156884 133581
127592 147815
287003 22669.7
234693 65930.5
246782 52522.3
267646 42048.3
68839.7 199448
43531.9 249406
122323 156423
258552 49079.6
135878 143556
96710.7 183783
237650 59238
60723.1 210735
43531.9 249406
286929 23314.3
61246.4 206249
63867.6 204254
135878 143556
267572 42970
274731 33041.2
258552 49079.6
68839.7 199448
