310581
310581
310581
305016
302697
302697
300907
300907
300907
300907
300907
300907
300907
297007
297007
297007
297007
297007
293490
291412
291412
291412
291412
291412
290089
290089
289654
289289
289289
289289
289289
287143
287143
287143
287143
286760
286760
286760
286760
285239
285239
284133
284133
284133
283516
283516
283516
283516
283516
283516
283516
283516
283516
283516
282672
282672
278056
278056
278056
278056
278056
278056
278056
272377
272377
272377
272377
272377
272377
272377
272377
272377
272377
272377
270618
270618
270618
270618
270618
270618
269358
269358
269358
269358
269358
269358
269358
269358
269358
269358
269358
269358
269358
269358
269144
269144
269144
269144
269144
269144
