512221
512221
501093
501093
501093
499414
499414
499414
468835
468835
468835
468835
468835
468835
468835
468835
468835
468835
468835
467571
452707
444425
444425
444425
442089
442089
442089
442089
442089
440999
440999
440999
440999
440999
440999
440999
440999
440999
440999
431071
431071
431071
431071
431071
431071
431071
431071
431071
431071
429322
429322
418900
418900
418900
418900
418900
412750
412750
412750
412750
412750
412750
412750
412750
412750
412750
412750
412750
412750
412750
412750
412750
412750
412750
412750
412750
404941
404941
404941
399464
399464
396675
396675
396675
396675
396675
396675
391502
391502
391502
391502
391502
391502
391502
391502
391502
391502
391502
391502
389213
