493.283 217343
493.283 217343
191274 8519.45
191274 8519.45
133396 71602.6
15829.4 190985
157867 46392.3
117932 87679.6
56268.7 142354
162966 43258.4
1859.64 200075
100427 102683
138000 63716.4
176255 35697.3
123952 84001.5
114971 91958.9
171373 38752.2
167310 42086.3
26280 177571
167310 42086.3
125007 83599.4
109621 92140.5
153968 48578.9
64510.5 138518
157878 45069.6
167310 42086.3
8519.45 191507
162966 43258.4
32138.5 168472
91636.8 110004
90180.2 111389
3150.52 197024
91636.8 110004
86361.2 114261
162966 43258.4
44618.8 155626
34356.3 162883
117030 88727.3
16715.1 186333
132007 75599.4
176443 35495.5
64510.5 138518
79401.2 120212
69677.1 130834
176443 35495.5
47951.4 152584
39201.9 162495
154078 47897.9
144939 57282.3
117030 88727.3
16715.1 186333
27245.3 172899
101364 101887
76604.3 124961
84648.5 118356
129233 77451.2
106823 95140.5
73657.7 125963
116038 91799.6
102749 98954.3
127844 81693.4
68078 135329
178566 23353.7
129060 79023.7
32911.3 167467
109621 92140.5
178090 31572.7
1859.64 200075
41821.8 156191
22322 182604
183017 18326.1
52254.6 148328
54923.7 146137
138227 58369.8
105438 96167.8
146256 53909.8
134406 65736.2
138000 63716.4
129233 77451.2
79401.2 120212
167310 42086.3
32138.5 168472
72410.4 128485
64510.5 138518
80857.8 118827
31237.9 168884
117932 87679.6
176443 35495.5
76604.3 124961
7959.34 192072
176443 35495.5
84648.5 118356
39505 159520
150004 52392.8
106823 95140.5
15829.4 190985
16715.1 186333
8519.45 191507
48926 151473
64510.5 138518
