10617.5 689817
665927 12797.1
511487 138102
416992 264730
227526 450309
548968 115737
393101 270739
264443 397758
559313 99185.8
647613 28701.7
18173.7 646066
102126 562131
472719 179820
592449 78198.5
185481 457942
596000 72283.7
185231 464397
172319 481810
647613 28701.7
81883.7 566843
381992 276148
431006 214922
116481 542382
653328 18173.7
427197 217054
143350 494212
416992 264730
119130 517003
601754 44266.3
380125 285118
416992 264730
124006 516631
256746 411886
416992 264730
12797.1 655312
335555 309557
298101 366302
325990 333197
453869 199253
223291 455264
235614 442708
480096 162057
596000 72283.7
363278 302693
630488 40530.1
518775 133226
325990 333197
227526 450309
371929 298712
113099 544315
29396.9 632996
287130 380711
124006 516631
274075 393418
102126 562131
33294.5 611994
105274 560708
325990 333197
180016 471283
553517 104652
459811 188214
227526 450309
377507 289264
529666 115737
482220 144168
54846.6 604931
59800.7 589473
391361 273221
285943 382890
29396.9 632996
235614 442708
571942 82516.7
466220 181142
592449 78198.5
279170 388777
630488 40530.1
313744 337644
235614 442708
33294.5 611994
325990 333197
102126 562131
308852 354224
630488 40530.1
143350 494212
630488 40530.1
424989 226847
446413 199710
625908 43297.5
565057 83139.6
54846.6 604931
298101 366302
18173.7 646066
81883.7 566843
420704 245986
71988.7 580468
143350 494212
10617.5 689817
416992 264730
325990 333197
381992 276148
