402.687
402.687
400.747
400.747
400.435
398.965
391.645
391.645
391.645
391.645
391.645
391.645
391.645
386.818
386.805
386.805
381.694
381.694
381.694
381.694
381.694
381.694
380.417
380.417
380.417
380.416
378.773
378.773
371.729
371.729
371.729
369.042
369.042
369.042
369.042
369.042
369.042
369.042
369.042
368.46
368.46
367.611
367.611
367.611
367.611
367.611
367.611
367.611
364.775
364.775
361.804
361.804
361.804
361.804
361.804
361.804
361.804
360.225
360.225
360.225
357.109
357.109
357.109
357.109
357.109
357.109
357.109
357.109
357.109
357.109
357.109
357.109
357.109
357.109
357.109
357.109
357.109
357.109
357.109
356.822
356.822
355.667
354.724
354.724
354.724
351.344
351.344
350.082
350.082
350.082
350.082
350.082
350.082
350.082
350.082
350.082
350.082
350.082
350.082
350.082
