443.399 12.4721
2 375.533
443.399 12.4721
443.399 12.4721
443.399 12.4721
423.454 20.8705
327.33 33.1135
407.539 30.8902
407.539 30.8902
6.60555 363.781
20.4434 340.486
95.9174 283.945
232.875 132.58
413.923 26.0328
290.634 46.2161
100.337 264.272
316.348 37.4986
53.8699 308.14
153.733 220.527
165.591 215.477
308.089 45.5473
206.608 170.184
185.704 175.107
71.3397 297.194
155.664 218.391
117.814 255.845
285.294 51.5566
245.343 112.671
283.324 54.7992
108.046 256.176
204.741 173.55
172.121 209.162
177.864 194.466
90.8554 284.355
248.717 110.619
117.814 255.845
435.074 14.3983
234.936 120.011
27.0937 327.63
434.018 16.7967
99.5792 273.459
413.923 26.0328
127.085 248.471
320.582 34.1516
413.923 26.0328
35.0844 319.786
434.018 16.7967
23.5665 331.402
131.439 246.714
84.3037 286.363
275.836 66.9522
312.802 43.4919
434.018 16.7967
34.6768 321.66
250.626 92.8265
131.439 246.714
323.33 33.6702
290.634 46.2161
241.404 118.011
434.018 16.7967
273.217 72.7174
222.045 136.913
172.121 209.162
178.848 187.825
260.733 78.5932
178.848 187.825
172.121 209.162
205.003 173.43
172.121 209.162
131.439 246.714
131.439 246.714
117.814 255.845
119.636 253.919
143.645 223.733
209.22 160.366
231.356 135.677
140.714 225.073
232.875 132.58
232.875 132.58
72.7539 290.542
184.72 180.314
277.029 60.7899
314.55 40.2813
165.591 215.477
233.808 130.461
140.739 224.831
123.95 252.803
81.5398 289.053
30.9156 325.149
277.029 60.7899
153.709 222.11
140.714 225.073
48.4649 314.383
71.3397 297.194
71.3397 297.194
177.864 194.466
218.374 148.439
215.612 152.675
266.922 76.7713
178.954 183.592
