710771
710771
710771
710514
702964
700250
699711
691186
691186
691186
691186
689877
689877
687760
684582
683936
683936
683186
683186
683186
683186
673755
673755
673755
673755
673755
672038
668377
668377
668377
668377
666959
665836
660696
660696
660696
660696
660696
658537
658537
658537
658537
658537
658537
658537
658537
658537
658537
658537
658537
657999
657999
657999
657999
657999
657999
655554
655554
655554
655554
655554
655554
655554
655554
655554
655554
655554
655554
652778
652778
652778
652778
652778
652778
650736
650736
644024
644024
636532
636532
636532
636532
636532
636532
636532
636532
636532
636532
636532
633905
631408
631408
630583
630583
630303
630303
625306
624108
624108
624108
