754153 18547.2
427.2 689333
754153 18547.2
754153 18547.2
754153 18547.2
754153 18547.2
427.2 689333
754153 18547.2
754153 18547.2
48182.1 611483
289930 383412
325731 336727
585254 84974.2
416696 250629
38855.1 618807
71466.7 600591
93057.5 569998
356185 323508
578087 88827.9
103120 559898
62204.9 611410
601827 60309.7
568650 96309.1
742111 22591.1
551579 101709
423689 244505
618368 35344.8
313795 344273
297194 372444
239673 428124
67337.4 606203
726844 27106.7
233162 428434
110797 550474
249259 418143
16335.6 648455
286472 387955
370565 306806
406330 255579
8805.19 653797
455079 194645
8805.19 653797
496759 171765
436094 217865
175333 467951
489832 179425
260842 411029
80511.2 577847
531872 130828
8805.19 653797
211481 452136
390298 290445
596632 66538.8
390327 286470
264429 404784
222185 438680
114581 523645
126821 522385
8805.19 653797
167100 506630
360450 309680
676730 28716.4
171765 500598
374121 300596
352629 329015
441343 214650
27406.3 624325
175333 467951
264429 404784
129053 514246
179967 465860
676730 28716.4
616453 37406.3
171765 500598
540521 103700
460219 185076
72790.2 594124
500565 171043
496759 171765
607463 51875.2
532800 111601
450783 200641
396931 263524
523566 135397
393829 274141
504434 135795
742111 22591.1
359867 318559
1777.79 671505
285157 394858
207739 462162
133658 509979
504195 170416
500565 171043
268892 402286
613884 45434.4
281908 395991
323514 340256
406330 255579
495512 174341
