1.55022e+06
1.52815e+06
1.52815e+06
1.52815e+06
1.52815e+06
1.52815e+06
1.52815e+06
1.52815e+06
1.52815e+06
1.50983e+06
1.50983e+06
1.50983e+06
1.50616e+06
1.50616e+06
1.49376e+06
1.49376e+06
1.48348e+06
1.48348e+06
1.48348e+06
1.48348e+06
1.47687e+06
1.47687e+06
1.47687e+06
1.47297e+06
1.47297e+06
1.4638e+06
1.46355e+06
1.46294e+06
1.44866e+06
1.44866e+06
1.44866e+06
1.44866e+06
1.43518e+06
1.43518e+06
1.43518e+06
1.43518e+06
1.43518e+06
1.43518e+06
1.43518e+06
1.43518e+06
1.43518e+06
1.43431e+06
1.43431e+06
1.43431e+06
1.43431e+06
1.43431e+06
1.43431e+06
1.43272e+06
1.41892e+06
1.41892e+06
1.41892e+06
1.41892e+06
1.41674e+06
1.41378e+06
1.41228e+06
1.41085e+06
1.40885e+06
1.40885e+06
1.40885e+06
1.40885e+06
1.40885e+06
1.40885e+06
1.40351e+06
1.40351e+06
1.40351e+06
1.40179e+06
1.39886e+06
1.39886e+06
1.39886e+06
1.39062e+06
1.39062e+06
1.39062e+06
1.39062e+06
1.39062e+06
1.39062e+06
1.39062e+06
1.39062e+06
1.39062e+06
1.39062e+06
1.39062e+06
1.39062e+06
1.39062e+06
1.39062e+06
1.39062e+06
1.39062e+06
1.39062e+06
1.39062e+06
1.39062e+06
1.39062e+06
1.39062e+06
1.39062e+06
1.39062e+06
1.39062e+06
1.39062e+06
1.3826e+06
1.3826e+06
1.3826e+06
1.3826e+06
1.3826e+06
1.3826e+06
