1.05289e+06
1.0404e+06
1.0404e+06
1.03132e+06
1.03132e+06
1.03132e+06
1.02028e+06
1.02028e+06
1.00022e+06
1.00022e+06
997775
997775
997775
997775
997775
997775
997775
995826
975552
975552
975552
975552
975552
975552
970179
970179
970179
970179
967920
967920
967204
967204
965970
954432
947635
947635
947635
947635
947635
946400
946400
946400
946400
946400
946400
946400
946400
946400
946400
946038
946038
946038
945151
945151
945151
945151
945151
945151
945151
945151
945151
945151
945151
945151
945151
944870
944870
943920
943920
934685
934685
934685
934685
934685
934685
934685
934685
934685
934685
934685
919286
918777
918777
918777
918542
918542
918542
918542
917805
915670
915670
915670
915670
915670
915670
915670
910271
910271
910271
910271
