470780
470780
467343
467343
462616
450062
450062
450062
450062
450062
450062
450062
450062
450062
444306
444306
441001
441001
440247
440247
435101
431433
431433
430907
428542
428542
428542
428542
428542
427805
423669
421296
414532
409144
409144
407829
407829
404984
404984
404984
404984
403906
403906
403906
402516
402516
402516
400972
400972
399863
399863
394952
394952
394952
394952
394952
394952
394952
394952
386580
384227
384227
384227
384227
384227
384227
384227
384227
378207
378207
378207
378207
378207
378207
378207
378207
378207
378207
378207
378207
378207
378207
378207
378207
378207
378207
378207
378207
378207
378207
378207
378207
378207
378207
378207
378207
377949
376732
376732
374417
