489305 13938.3
6287.59 498464
268075 247239
301616 223178
186932 336726
299151 223408
144171 378867
355093 141270
440825 74611.4
305556 222931
229451 275959
21536.1 490016
51865.3 461391
375888 136127
152102 375098
34307.3 473707
201210 315789
453353 59082.7
60688.7 445218
342064 163936
47517.5 467029
331025 173769
397840 106084
45609.4 470374
425597 74881.7
485796 25107.1
240175 266919
482267 26784.2
314469 191240
306630 195797
164142 371435
419888 90715.5
90506.8 410692
34307.3 473707
467329 36286.6
424139 85012.7
93268.6 410400
90506.8 410692
67545.4 436044
378022 128758
105986 399560
345107 158757
67545.4 436044
245574 259666
220981 288454
186932 336726
245574 259666
223846 282494
306166 206385
217062 299721
419888 90715.5
190637 333429
223846 282494
79856 424324
454781 46917.4
419888 90715.5
61242.1 438890
325907 182771
382596 125926
403414 96649
253203 253324
173641 353654
253745 250749
305556 222931
13938.3 496559
167935 366605
207632 304459
79856 424324
391225 111234
105986 399560
253203 253324
179933 345875
368530 140965
105986 399560
212555 302080
191262 324041
292628 233258
305924 208435
89537.6 416568
478582 27393
53104.3 448339
69020.8 433806
466034 40013.8
412161 93139
306630 195797
341821 166222
233712 268351
105986 399560
83165.6 423123
478582 27393
180613 339629
27393 478262
424139 85012.7
412573 91329.9
448589 62864
454430 58438.9
378022 128758
100116 404632
264768 250722
472578 29112.7
