256337 5338.01
2402.44 214696
253220 10422.9
218326 13321.3
235843 12794.2
235843 12794.2
38369.3 170983
42686.6 166670
194129 23991.7
207595 13682.4
154888 49302.9
54640 151371
135725 70498.3
51343.6 155111
235843 12794.2
207595 13682.4
132960 75012.7
86243.3 127388
117127 86115.4
19630.9 194314
197598 19095.7
113414 86467.2
4223.67 213108
179659 26618.6
109561 98458.2
76229.1 136784
79867.4 131414
124151 85374.2
117127 86115.4
171828 30488.2
45669.7 159366
146435 63742.1
140418 66702.9
165990 35149.8
59807.1 145270
117127 86115.4
111062 88742.2
152519 55612.2
102469 102474
107024 100442
40169 170301
173660 27992.6
200321 18958.8
86243.3 127388
140826 66316.2
96801.3 110514
192212 24554.7
65109.9 140916
23775.7 185802
182660 25418.5
157558 41429.9
75217.9 139740
126925 80717.3
61091.5 142491
136664 70005.7
165990 35149.8
86592.8 124816
22408.5 186467
131888 76028.2
4223.67 213108
25389.6 175228
126925 80717.3
128456 77131.1
100479 103245
147448 61758.6
75877.2 138002
164889 36932.8
107208 99395.5
157961 41345.4
88953.6 118804
124612 83836.8
184026 25181.1
75658.8 138057
19630.9 194314
91160.6 117621
147465 55860.9
102469 102474
134652 71573.3
161748 38318.5
204840 15233.6
141499 64510.9
65109.9 140916
4999.22 197469
76229.1 136784
204840 15233.6
51277.3 158450
173660 27992.6
152533 51807.1
88953.6 118804
22408.5 186467
182660 25418.5
23775.7 185802
109630 88837.8
33812.8 171828
29341.5 174469
99901.7 107763
22408.5 186467
42686.6 166670
167743 32286.3
77920.2 135981
