1.03816e+06
1.00136e+06
1.00136e+06
1.00136e+06
981897
981897
981897
981897
981897
966406
966406
966406
966406
966406
957200
957200
957200
957200
955125
933061
933061
933061
933061
933061
933061
933061
914288
914288
914288
914288
887759
887759
887759
887759
887759
887759
887759
887759
887759
887759
887759
887759
887759
887759
878421
878421
878421
878421
878421
878421
873014
873014
854622
854622
854622
854622
854622
854622
839758
839758
839758
839758
839758
839758
839758
839104
810807
810807
810807
810807
810807
810807
810807
810807
810807
810807
810807
810807
802260
787497
787497
787497
768900
768900
768900
768900
768900
768900
768900
768900
768900
768900
768900
768900
768900
768900
768900
768900
768900
768900
