444.717
442.391
439.518
439.518
439.518
439.518
439.518
439.518
439.401
438.19
438.19
438.19
438.19
438.19
438.19
438.19
438.19
438.19
438.19
438.19
438.19
438.19
434.461
434.461
434.461
434.461
434.461
434.461
434.461
434.461
434.461
434.461
434.461
434.461
434.461
434.461
434.461
434.461
434.461
434.461
434.461
434.461
434.461
434.461
434.461
434.461
434.461
434.461
434.461
434.461
434.461
434.461
434.461
434.461
434.461
434.461
434.461
434.461
434.461
434.461
434.461
434.461
434.461
434.461
434.461
434.461
434.461
434.461
434.461
434.461
434.461
434.461
434.461
434.461
434.461
434.461
434.461
434.461
434.461
434.461
434.461
434.461
434.461
434.461
434.461
434.461
434.461
434.461
434.461
434.461
434.461
434.461
434.461
434.461
434.461
434.461
434.461
434.461
434.461
434.461
