1347.36
1347.36
1320.59
1320.59
1297.33
1297.33
1297.33
1297.33
1297.33
1296.91
1276.54
1276.54
1276.54
1276.54
1236.72
1236.72
1236.72
1220.45
1208.09
1208.09
1208.09
1196.83
1182.72
1166.33
1166.33
1166.33
1166.33
1166.33
1166.33
1166.33
1164.24
1163.63
1148.66
1148.66
1148.66
1148.66
1148.66
1148.66
1144.2
1144.2
1144.2
1144.2
1144.2
1129.19
1129.19
1129.19
1129.19
1129.19
1129.19
1129.19
1121.55
1121.55
1121.55
1121.55
1121.55
1121.55
1121.55
1121.55
1121.55
1121.55
1119.6
1119.6
1119.6
1114.74
1114.74
1114.74
1114.74
1110.83
1101.13
1101.13
1101.13
1101.13
1101.13
1061.81
1048.4
1048.4
1048.4
1048.4
1048.4
1048.4
1048.4
1048.4
1048.4
1041.01
1041.01
1041.01
1038.38
1038.38
1038.38
1038.38
1021.36
1021.36
1021.36
1021.36
1011.36
1011.36
1011.36
1008.22
1008.22
1008.22
