614509 17738.5
3523.58 621248
614509 17738.5
614509 17738.5
614509 17738.5
614509 17738.5
614509 17738.5
614509 17738.5
614509 17738.5
3523.58 621248
199277 432213
253636 388660
493167 138308
240434 399610
350472 272084
265589 375850
135257 498572
385167 243290
508843 132715
180468 451053
216073 419414
365050 262684
291616 356209
597502 22448.3
374158 256863
233712 404010
339808 279240
317853 337039
433738 196054
388766 235857
365050 262684
180615 442890
531632 96689.8
121371 507169
406642 216669
78210.3 539791
508843 132715
305942 347652
106836 521671
273372 364925
14729.1 602333
481293 141551
259202 386702
447227 180491
508981 119583
180468 451053
247562 392755
327229 287554
592364 29885.3
373789 257809
531632 96689.8
462435 164752
575190 32735.9
96689.8 522484
75410.4 547905
207784 421756
106836 521671
28937.4 590100
321035 291172
546582 76630.5
377467 254772
137097 485607
473521 147909
462435 164752
546582 76630.5
32735.9 577546
426893 201347
569945 53767.3
32735.9 577546
305942 347652
414339 208193
135257 498572
547062 54292.8
517760 105427
317853 337039
106836 521671
327065 290864
144769 472643
54292.8 550163
9654.96 608340
374158 256863
575190 32735.9
473521 147909
225524 411739
569945 53767.3
440728 182318
159065 456558
113195 511848
180615 442890
395545 227765
95323.5 536827
454286 168022
439835 194127
95323.5 536827
531632 96689.8
75410.4 547905
575190 32735.9
159065 456558
22448.3 594790
569945 53767.3
