4.12311 354.15
363.491 8.12242
160.788 197.165
353.965 17.6073
225.246 145.688
182.387 187.528
305.468 63.5873
244.209 122.063
280.431 93.8133
159.3 205.885
237.864 136.052
91.332 276.352
314.808 55.1881
286.71 93.7827
249.908 121.055
296.992 84.3487
272.15 101.409
127.698 232.172
330.437 38.1236
17.6073 343.664
98.4544 267.755
325.023 45.0748
291.267 91.3873
234.381 138.164
308.022 58.3429
40.9881 320.154
296.992 84.3487
29.3349 332.761
177.983 190.263
126.946 243.341
66.7153 299.06
104.453 262.284
296.992 84.3487
135.268 229.805
175.983 192.775
231.785 139.373
299.403 77.9971
207.813 153.65
50.615 311.229
110.94 258.319
345.227 20.7727
195.129 165.089
74.4608 289.955
144.15 214.598
113.919 253.648
239.56 130.964
25.6011 341.664
126.946 243.341
160.788 197.165
268.325 107.267
141.711 220.725
29.3349 332.761
141.711 220.725
116.191 244.665
85.332 285.368
177.983 190.263
306.136 63.1527
357.94 12.8771
251.503 108.718
39.5159 323.165
356.345 14.9804
137.762 228.026
361.449 10.099
36.228 326.232
9.51323 350.323
139.218 221.135
317.923 45.8233
132.42 231.01
50.615 311.229
230.432 141.894
116.191 244.665
55.1692 307.453
126.946 243.341
29.3349 332.761
291.267 91.3873
126.946 243.341
205.06 159.634
44.9881 316.636
353.896 19.0871
336.979 31.5806
251.503 108.718
208.534 148.256
197.129 161.646
195.129 165.089
330.647 36.228
325.109 40.7001
188.909 175.507
338.472 26.7979
314.808 55.1881
173.983 194.775
208.534 148.256
188.889 176.002
190.909 172.064
29.3349 332.761
115.814 252.441
251.503 108.718
241.472 124.203
293.549 88.8209
342.176 25.6011
314.81 50.2954
