3.60555 393.971
396.503 15.868
396.503 15.868
80.8028 280.594
379.32 24.2663
193.471 168.159
190.392 171.124
178.682 188.751
161.003 197.748
272.375 89.7262
92.7765 278.344
92.7765 278.344
233.852 128.062
135.082 222.386
184.605 172.75
8.23607 348.49
111.102 240.398
379.32 24.2663
8.23607 348.49
59.2901 290.732
161.003 197.748
248.033 117.659
8.23607 348.49
153.645 205.358
255.558 110.174
153.645 205.358
99.1832 257.885
273.934 68.9245
325.92 33.9156
161.003 197.748
221.769 131.943
98.5071 268.859
43.0313 325.924
257.235 94.9257
153.645 205.358
330.163 30.7925
284.631 62.4524
161.003 197.748
180.505 173.882
221.769 131.943
8.23607 348.49
317.255 45.8084
92.7765 278.344
250.38 114.151
50.6796 314.542
208.559 143.294
50.9997 314.089
316.904 47.8084
8.23607 348.49
111.102 240.398
98.5071 268.859
31.7084 329.92
242.988 123.786
308.94 50.9997
257.235 94.9257
213.769 136.84
250.38 114.151
250.966 110.216
45.8084 321.777
95.8253 270.44
98.5071 268.859
18.9695 341.499
284.631 62.4524
284.631 62.4524
8.23607 348.49
136.575 219.954
316.904 47.8084
190.392 171.124
153.645 205.358
98.5071 268.859
250.38 114.151
393.134 19.868
143.76 209.026
51.2901 301.343
250.966 110.216
325.082 34.049
198.49 160.229
293.388 52.818
180.505 173.882
166.595 191.363
284.631 62.4524
180.505 173.882
49.8084 316.025
221.769 131.943
328.83 32.3166
31.7084 329.92
203.599 150.251
126.191 228.228
30.3166 332.83
8.23607 348.49
136.575 219.954
284.631 62.4524
28.5853 334.163
293.388 52.818
23.4434 335.354
289.931 56.162
207.236 145.76
161.003 197.748
126.191 228.228
312.386 50.2805
