308153
307491
307491
300792
300792
300792
300792
300792
300792
300792
300792
297833
297833
296807
293420
293420
293420
293420
293420
293420
288560
288560
288560
288560
288560
286366
286366
286172
286172
286172
286172
286172
284623
283704
283704
282827
282827
279735
279735
279735
279735
279735
279735
279735
279735
279640
278632
278632
278513
276694
276694
276694
276462
276462
274474
274252
274252
274252
274252
274252
274252
274252
273685
273685
273685
273685
273685
273685
273685
273685
272954
268957
268957
268561
268561
268561
268561
268561
267787
266432
266220
266220
266220
266220
266220
266220
266220
266220
266220
266004
266004
266004
264098
264098
264098
264098
264098
264098
264098
264098
