1525.65 20.6155
20.6155 1175.38
20.6155 1175.38
20.6155 1175.38
1104.55 132.658
885.236 232.686
1043.36 229.162
873.194 299.005
542.919 557.313
631.698 471.459
504.676 574.443
846.278 307.254
1055.07 162.982
95.3217 1033.7
1174.88 127.27
1043.36 229.162
1208.18 109.119
1174.88 127.27
497.988 606.399
348.036 806.625
163.983 917.166
677.459 468.115
1214.63 56.1759
1043.36 229.162
1174.88 127.27
1198.32 116.217
885.236 232.686
348.036 806.625
601.714 496.978
1043.36 229.162
22.0416 1047.59
1276.24 22.0416
1174.88 127.27
1174.88 127.27
95.3217 1033.7
251.341 846.743
445.144 648.801
1043.36 229.162
1043.36 229.162
1248.26 32.2586
1214.63 56.1759
778.876 352.56
1208.18 109.119
1214.63 56.1759
729.508 373.29
1214.63 56.1759
1208.18 109.119
1214.63 56.1759
778.876 352.56
95.3217 1033.7
1198.32 116.217
22.0416 1047.59
149.924 1003.08
168.175 904.974
171.077 894.022
1198.32 116.217
1043.36 229.162
445.144 648.801
360.684 728.353
1198.32 116.217
1214.63 56.1759
397.708 692.028
542.919 557.313
257.854 842.57
257.854 842.57
168.175 904.974
95.3217 1033.7
154.115 974.16
168.175 904.974
497.988 606.399
1174.88 127.27
1213.44 82.4899
1214.63 56.1759
1198.32 116.217
1198.32 116.217
846.278 307.254
1214.63 56.1759
1214.63 56.1759
1198.32 116.217
257.854 842.57
22.0416 1047.59
1198.32 116.217
20.6155 1175.38
20.6155 1175.38
257.854 842.57
95.3217 1033.7
1043.36 229.162
1214.63 56.1759
1198.32 116.217
1198.32 116.217
168.175 904.974
1198.32 116.217
445.144 648.801
