3448.93 549293
499808 18966.3
504724 13507.9
504724 13507.9
504724 13507.9
504724 13507.9
504724 13507.9
504724 13507.9
504724 13507.9
504724 13507.9
504724 13507.9
3448.93 549293
504724 13507.9
504724 13507.9
504724 13507.9
504724 13507.9
504724 13507.9
504724 13507.9
504724 13507.9
504724 13507.9
504724 13507.9
504724 13507.9
504724 13507.9
504724 13507.9
504724 13507.9
504724 13507.9
504724 13507.9
504724 13507.9
504724 13507.9
504724 13507.9
504724 13507.9
504724 13507.9
504724 13507.9
504724 13507.9
504724 13507.9
504724 13507.9
504724 13507.9
504724 13507.9
504724 13507.9
195822 359386
177652 371035
13507.9 499565
445620 77035.7
361395 164801
370853 147213
291552 237497
455585 64680.4
489160 29587.1
380466 139189
84818.6 425334
311616 213604
239348 287354
152532 373030
137799 386176
118337 402629
291552 237497
332280 191719
223498 307000
317787 207470
473952 48496.3
351497 176607
236590 299668
28275.5 487830
122432 393276
92976.2 418493
18966.3 496000
57320.5 464018
270873 251178
398524 118104
353892 170122
394708 124371
50868.2 471295
463658 56693.3
263817 256417
325722 201469
498332 22318.5
243911 283028
417827 108152
250762 271682
152532 373030
223498 307000
343764 181500
103286 412766
386436 133682
424667 97885.6
410889 112258
260122 266642
329272 197251
387307 127752
280772 241321
223498 307000
273715 246560
223498 307000
483318 46272.7
424667 97885.6
45135.6 472143
254663 270140
41140.3 479545
132395 388065
152532 373030
