304211
299728
299728
299728
299728
299728
297280
290930
289113
289113
289113
289113
288955
285411
285411
285411
285119
284507
284507
280595
280595
280595
280595
280595
280595
280245
279648
279634
278300
278300
278300
278300
277805
275725
275725
275725
275725
275725
268308
268308
268308
268308
268308
267794
267794
267794
267794
267794
267794
267794
267794
266412
266412
266412
266412
266412
266412
266412
266412
266412
265461
265461
265461
265461
265430
265430
265196
265009
265009
264815
264815
264815
264815
264815
263795
263795
263795
263795
263795
263795
263795
263795
263795
263795
263795
263617
262956
261854
261854
261854
261086
261086
261086
261086
261086
261086
261086
261086
261086
260133
