416800 13200.2
532351 12911.5
9079.79 368562
9079.79 368562
9079.79 368562
9079.79 368562
9981.79 363609
83819.9 292092
250291 151857
260335 115454
234158 152510
187872 176736
234158 152510
152457 211057
173627 189448
106555 268323
53021 315210
103500 275583
136250 237856
303966 55915.6
103500 275583
187872 176736
275422 91175.5
303966 55915.6
102307 289408
260826 113948
290647 88407.6
234158 152510
116458 257475
116458 257475
349165 22925
106555 268323
128995 250534
260335 115454
115204 258443
136250 237856
45341.9 326439
333798 34812
291446 68608.1
65767 311017
358641 21746.3
115204 258443
349165 22925
303966 55915.6
19274.5 356631
131729 243707
286963 89700.7
136685 222796
149348 214341
303966 55915.6
172032 189848
260826 113948
116458 257475
68608.1 308296
116458 257475
34812 335217
366788 17487.6
203782 167542
333755 40645.7
58411.6 314436
136250 237856
166345 209846
22925 348724
116458 257475
149348 214341
152457 211057
115204 258443
291446 68608.1
173627 189448
203782 167542
65767 311017
290647 88407.6
173627 189448
34812 335217
44502.8 329141
187872 176736
187872 176736
187872 176736
68608.1 308296
169454 204426
136250 237856
255540 134560
303966 55915.6
80740.9 297859
346482 23167.8
260826 113948
326130 44285.5
65767 311017
136250 237856
272619 104028
53021 315210
346482 23167.8
260328 130460
254288 147673
260826 113948
187872 176736
80740.9 297859
260826 113948
22925 348724
19274.5 356631
