2109.5 582358
573528 19917.2
571345 24026.5
27273.9 556984
412864 180516
513289 84303.5
203720 374173
381904 207997
73999.8 512245
157227 416688
436069 153156
474945 117878
50653 527825
81320.1 505792
149959 438054
549514 33158
515398 70288.7
228807 347068
360150 223699
192675 375726
332532 256769
293591 280064
174413 410973
40020.7 545549
397306 196552
428902 161797
247717 324667
172119 413100
423750 166410
345895 235873
459732 132276
374797 213650
447325 139622
219668 365123
422897 177037
335449 245498
440975 152659
26096 567181
496201 99045.1
395808 198959
409400 186842
543197 55907.7
461215 129499
188356 383814
271803 315531
241299 327375
284646 295386
491296 106173
480067 108432
169305 415086
67461.6 515982
287122 291506
110746 475479
293484 282875
178865 386337
113298 439754
9245.94 579158
358366 225800
463690 121140
47365.3 541269
71244 513991
348700 229183
248920 317064
273523 300337
503503 90471.1
305738 262012
400296 187225
292428 290913
224545 359112
83452.5 483606
13908.1 575103
531451 66347.3
13908.1 575103
104659 478763
43195.2 543743
430218 158560
363012 217837
492401 103047
436069 153156
436069 153156
13908.1 575103
74993.6 511617
398363 194403
428186 164249
13908.1 575103
13908.1 575103
