6524.76 1.01979e+06
6524.76 1.01979e+06
932365 9310.85
245925 748445
232578 752746
437654 515280
208784 759956
382208 623581
293720 638751
571398 346755
416158 585301
769950 175000
185353 780221
53347.6 894266
529866 427877
706590 256102
34223.2 909388
928460 26147.6
10174.3 928385
250946 707042
261839 695357
431914 571897
458163 496640
722384 240707
897841 52902.3
722384 240707
554171 364965
435953 534536
891016 53876.2
753211 188901
713957 247122
873362 67346.9
247950 716341
59699.3 870466
194823 769320
370875 631368
867841 79278.8
475564 476889
178526 783929
590104 331698
437856 507712
282504 648341
436268 530502
250946 707042
268494 661178
609496 313446
401239 593242
37893 907152
100014 842585
735121 203530
698164 263763
590104 331698
635273 287793
208784 759956
926606 29681.2
830858 110186
528480 438005
800629 144685
137741 799449
645432 284043
817497 117086
475564 476889
7369.65 995874
628885 307683
137741 799449
625796 308229
436098 534364
926751 29517.3
867526 82812.5
500801 443367
722384 240707
29717.1 926194
555027 364692
722384 240707
435953 534536
847025 105080
437856 507712
388793 604336
268349 665735
10174.3 928385
88254.2 846251
696307 283141
785274 153877
272244 651019
645692 283415
128549 814102
722384 240707
785274 153877
488781 465057
10174.3 928385
606332 317006
469233 479757
753211 188901
9310.85 934365
101707 833047
72874.9 850454
772736 174665
571398 346755
489344 457707
752476 190746
