1353.72 223713
1353.72 223713
1353.72 223713
252928 7187.05
252928 7187.05
1666.95 217968
198466 13830.7
176351 33121.1
122838 84534.7
155456 40024.3
15037.7 192279
8621.89 196828
27348.2 179959
136469 61513
198466 13830.7
36865 159587
53725.3 150596
3248.13 202892
86166.8 118718
3248.13 202892
55489.7 150066
7341.42 200060
3248.13 202892
60010.2 137732
189084 19593.3
48299.2 157201
56308.1 140693
124184 83990.8
60010.2 137732
200385 8621.89
121514 84598.9
182095 24582.5
18147.7 185834
181455 26482.4
88233.7 114572
150269 45683.3
112246 90258.8
96249.8 107929
55489.7 150066
3248.13 202892
112246 90258.8
128322 67529.8
189192 17489.4
125229 73155.2
154424 41986.3
33252.2 178703
60010.2 137732
119305 89102.1
200385 8621.89
101111 99155
172019 36366.8
69056 126922
198466 13830.7
20047.6 183254
189192 17489.4
55489.7 150066
1666.95 217968
124601 75810.3
178387 29640.7
136469 61513
144895 50918.7
132602 62365
125466 70929.1
176786 30217.3
121066 85824
94946.2 111660
106485 93090.9
131008 65063.8
56308.1 140693
189192 17489.4
153120 42057
55489.7 150066
127800 70298.6
108053 92682.8
198466 13830.7
88233.7 114572
36865 159587
86561.2 116183
94946.2 111660
198466 13830.7
198466 13830.7
13369.6 194397
106485 93090.9
111081 91766.2
175302 33482.1
86561.2 116183
189192 17489.4
20047.6 183254
172671 34009.1
51927.4 153023
105204 96323
189192 17489.4
125466 70929.1
154424 41986.3
19471 184598
133586 61700.5
58534.2 139025
11278.5 195249
13809.2 192890
88233.7 114572
