592474
584419
583166
581255
581255
574434
568041
566579
566579
566579
553102
553102
553102
545180
545180
545180
545180
545180
541667
541667
541030
541030
537318
535524
535524
535524
535524
535524
535524
535524
533357
531677
531213
527180
527180
527180
525735
525735
525735
525735
525735
525735
525735
522627
522627
522627
522627
522627
522627
522627
522627
522627
522627
522448
522448
520835
520835
520835
520835
520835
520835
520835
519192
519192
519192
519192
519192
519192
519192
519192
519192
519192
519192
519192
519192
519192
519192
518186
518186
518186
517459
517459
517459
517459
517459
517459
515087
515087
515087
515087
515087
510721
510721
510721
510721
510721
510721
510721
510721
510721
