5413.61 551315
5413.61 551315
501894 12028.8
502259 6355.71
513641 5537.83
249069 260841
121697 407168
238857 285603
402027 103706
133300 372668
266182 240957
288799 224152
192552 325854
173472 346909
370633 144402
214428 296486
257873 254172
147324 355430
222070 288418
100506 427502
422839 80668.5
68410 443205
387582 111708
168212 347688
408394 92008.2
62495.5 456067
109520 418670
288218 227329
449732 61295.1
384050 114094
245683 273781
253713 256171
182154 327991
241776 274595
342244 158177
457465 59386.9
165990 350426
192694 315600
276329 233820
431503 74702.2
62495.5 456067
336201 163494
37217.3 475987
359907 153150
342244 158177
174453 344593
133300 372668
55139.6 456291
307891 205525
79318.4 431444
490486 19323.9
157041 352744
313789 188623
400006 111235
211871 299776
335351 168187
42349.9 466577
444405 69008.9
466608 35557.3
319358 186515
323972 171377
458235 42512.8
19323.9 489025
78626.4 438770
123938 384539
479972 35038.5
177900 333277
444405 69008.9
483212 29102.5
351551 155166
177900 333277
22213.4 479646
6355.71 501764
297941 209462
442551 69547.7
100506 427502
19323.9 489025
446365 65115
344243 157800
245683 273781
203534 309529
67398 446823
286756 229797
342244 158177
5537.83 511918
342244 158177
501894 12028.8
342244 158177
266182 240957
55139.6 456291
466608 35557.3
366136 149120
416132 89474.3
188440 326246
145102 359451
266182 240957
55139.6 456291
456059 59554.3
29102.5 479064
499404 17155.3
