576776
570130
570130
557463
557463
557463
556741
556741
556741
546554
546554
535845
535458
535458
535458
529880
529880
528565
528565
528565
522620
522620
522620
522620
522620
522620
522002
522002
522002
522002
522002
521313
521313
520745
520745
520745
520745
518634
518634
518634
518634
518634
518174
518174
515478
514808
514808
514808
514808
514808
514808
513724
510683
510683
510683
510683
510683
510683
509075
509075
509075
509075
509075
509075
509075
509075
509075
509075
509075
509075
509075
509075
509075
509075
509075
509075
506204
506204
506204
506204
504556
504556
504556
504556
504556
504556
504556
500541
500541
500541
500541
500541
500541
496159
496159
496159
496159
496159
496159
495542
