1662.63 714381
1662.63 714381
1662.63 714381
634977 12155.8
200316 464850
442538 244674
190249 475461
122933 542863
421986 256301
314231 365548
433516 247474
482919 200507
538291 137185
369510 304999
467940 200675
594543 63427.6
137412 514984
508466 159920
325339 352678
327739 347405
308651 371377
231985 414302
302160 380960
499308 164009
583011 72449.1
579568 89952.6
598328 50766.7
541188 130872
557366 116780
568596 101357
579902 87500
532835 137471
508466 159920
34676.9 620117
344570 328137
223453 424302
482919 200507
130393 522258
160503 499369
392557 259057
351806 318516
106325 553883
180021 492885
351806 318516
488961 175287
237319 410538
219212 429331
230074 415866
561464 111370
183493 485550
113104 553347
489436 174191
92679.2 569260
522133 156272
482919 200507
68240 582616
203940 461991
616229 37276
372376 265290
163769 493770
263090 386449
125885 526660
36617.3 613322
64171 594662
632387 13694
389708 260769
568596 101357
617771 35909.2
485279 178857
253911 386508
149922 506962
27267.8 628280
601435 49296.1
422597 250852
454539 205947
339597 329435
549013 124993
325267 353100
246450 394819
13694 633908
365953 314219
210685 435558
5844.62 647055
528334 153607
370673 303881
21759.7 632765
351806 318516
482919 200507
302160 380960
589647 70762.4
482919 200507
621491 20204.9
99433.2 563602
158031 502115
445812 215005
294869 381957
49296.1 601241
336098 333230
42313.6 610658
241616 400273
