757413
739639
735821
735821
735821
735821
735821
735821
735821
735821
731000
718337
718337
718337
718337
713937
700846
697125
697125
687408
687408
687408
687408
683763
683763
683763
667530
667530
667530
667530
657612
657612
649223
649223
649223
649223
639266
639266
639266
613936
613936
613936
613936
613936
613936
613936
613936
613936
613936
613936
613936
613936
613936
613936
613936
613936
613936
613936
613936
613936
613936
613936
613936
600992
600992
600992
600992
600992
600992
600992
589671
588686
588686
588686
588686
588686
588686
588686
579816
579816
579816
572429
572429
572429
572429
572429
572429
563817
563817
563817
563817
563817
563817
563817
563817
563817
563817
563817
561579
561579
