517028
510407
510407
510407
510407
510407
510407
510407
499181
499181
498735
498735
498735
498735
475844
475844
461631
460702
460702
460702
460702
460702
460702
453475
453475
453475
453475
453475
447614
447614
447614
443664
443664
443664
443664
443664
443664
426164
426164
426164
426164
426164
426164
426164
424590
419846
419846
419846
419846
419846
419846
419846
419846
419846
419846
419846
419846
419846
419653
412683
412683
411040
410212
410212
410212
410212
410212
410212
410212
410212
408690
408690
408690
408690
408690
408690
408690
408465
408465
408465
404252
404252
404252
404252
404252
404252
404252
398413
394935
394935
394935
394935
393597
386782
385983
385983
385983
385983
385983
385983
