305885
305885
305885
305885
305885
305885
305885
305885
305885
301602
300625
298974
298974
292414
292414
288512
288512
287811
287811
287811
283726
283726
283367
283367
281815
281815
281815
281277
281277
279312
279201
279201
276683
276683
276683
276683
276683
276330
275355
275355
275355
274848
274848
274848
274041
273746
271656
271656
271656
270217
270217
267873
267873
267101
267101
267101
267101
267101
267101
267101
266675
266675
266654
266654
266196
266196
266196
266196
266196
265661
265661
265661
265661
265661
265661
261283
261283
261283
261283
261283
261283
261283
260711
260711
260711
259905
259905
259905
259905
259905
259905
259905
259905
259905
259905
259905
259905
258130
258130
258130
