488728
488728
488728
488728
488728
488728
470769
459539
453574
453574
445524
445524
445524
445524
445524
431808
428751
428751
428751
424402
424402
424402
424402
420553
413736
413736
407231
407231
403185
403185
401934
398622
398622
398622
398622
398622
393171
393171
390429
390429
379477
379477
374912
374912
374912
374912
374912
374912
374912
374912
373933
373591
373591
373591
373591
373591
372930
372930
372930
372930
372930
372930
366744
366744
366744
366744
366744
366744
364609
363514
361058
361058
361058
361058
359881
359881
359881
359881
359881
359881
359881
359881
359881
359881
359881
359881
359881
359881
359881
359881
359881
359881
359881
359881
359881
359881
359482
359482
359482
359482
