719535
719535
719535
713261
713261
713261
709212
709212
709212
701420
701420
701420
701420
701420
701420
685789
685789
685789
685789
685789
685789
685789
685789
685789
667640
667640
667640
667640
667640
667640
667640
667640
667640
666932
665142
665142
659725
659725
657652
657652
657652
657652
657652
657652
657652
657444
653573
652978
651489
651489
649662
649662
649662
647215
640717
637503
637055
637055
637055
637055
637055
637055
637055
637055
637055
637055
637055
637055
637055
634837
634837
634837
632743
628577
622908
622908
622908
622908
622908
622908
622908
620412
620412
620412
620412
620412
620412
619456
619456
619456
619456
618533
618533
618533
618533
616461
616461
616461
616461
616045
