69.4262 20201
18395 237.196
69.4262 20201
6700.72 12357
2515.38 16263.8
2693.12 15969
15693.8 3371.05
12871.9 5953.61
11234.5 7613.46
15511.7 3523.97
5271.97 13540.8
9967.01 8856.93
11560.8 7318.68
16283.4 2450.49
5806.5 12704.4
2916.66 15779
3319.15 15358.7
5806.5 12704.4
16685.9 1739.12
16065.8 3120.9
10351 8029.91
9653.14 9256.95
15511.7 3523.97
307.483 18224.4
14883.1 3724.02
12151.3 6680.47
2207.48 16729.8
13607.6 5806.04
5040.72 14496.8
8126.26 10869.5
11560.8 7318.68
5670.58 13128.9
12493.4 6103.69
14392.2 4273.09
15606.1 3422.2
3724.02 14862.9
3522.89 15158.9
16453.6 2074.51
17881 403.67
16065.8 3120.9
15606.1 3422.2
7748.58 10969.1
8597.49 10376.8
2207.48 16729.8
15606.1 3422.2
1501.88 17133.8
5351.21 13191.1
14709.4 4021.93
1884.35 17029.6
9315.58 9559.88
14935.2 3603.24
16986.7 1239.3
10797.7 7761.45
1076.72 17410.5
7237.54 11251.2
9607.29 9289.24
6958.97 11510.3
5040.72 14496.8
5075.22 13607.4
12412.1 6224.67
11730.4 7255.81
9173.23 10149.2
8246.53 10380
14883.1 3724.02
10092 8370.7
14253.2 4343.12
3127.78 15542.7
13730.7 5471.71
18155.2 307.483
12591.1 6080.11
15606.1 3422.2
17571 639.225
14883.1 3724.02
12482.7 6144.34
237.196 18423.4
13777.4 4817.09
8624.21 10284.5
6739.81 11841.8
403.67 17842.5
11927.8 6823.99
17355.2 997.423
12871.9 5953.61
14392.2 4273.09
2207.48 16729.8
9967.01 8856.93
639.225 17480.2
14709.4 4021.93
14071.5 4569.45
5806.5 12704.4
3966.1 14717.2
14547.5 4273.09
12369.5 6345.81
2515.38 16263.8
2034.73 16883
17108.1 1159.04
11730.4 7255.81
7430.2 11056.7
16685.9 1739.12
17511.2 844.48
5670.58 13128.9
