865629 15971.9
4922.29 735719
770109 32482.1
845966 18858.4
156951 568312
332730 411811
209992 542201
611363 142401
360815 407568
130612 614236
123140 636844
506626 242887
560509 190066
440651 302258
243288 506146
734060 65016.9
599270 166089
585396 180457
272696 469844
91743.7 637920
766590 52456.3
405510 337420
209992 542201
83207.8 667594
152942 591844
689543 122007
497018 260518
498584 255647
390768 342465
242705 516663
440512 316497
307409 427253
284933 465759
594333 173766
25982.1 720938
390405 356463
557425 205541
292509 429424
726923 70086.6
528121 231284
711977 77989.2
659952 129049
361671 389371
53942.5 696791
670250 123200
67485.2 695430
703261 77989.2
363212 370304
694260 110547
408268 319044
485478 262870
242402 519041
41483.5 714974
483251 267309
45550 707566
466161 275629
643445 132890
213140 519787
77983.5 679729
523116 241020
69349.5 695232
440513 306313
544046 213973
80933 674569
