913458 27044.3
6484.6 1.0639e+06
913458 27044.3
913458 27044.3
627941 342019
358720 570148
814372 149380
614242 346700
595747 375052
435850 466835
576425 381908
712001 247869
378715 546816
719294 233645
698381 254640
868435 60221.4
605965 362780
776230 174445
356735 594725
132479 811557
776230 174445
247946 659634
93685.2 814762
218767 700398
698381 254640
10370 901759
791672 153518
408013 494461
893003 48203.7
262243 636868
45378.2 878392
416826 480860
480121 405394
871872 54542
379238 537288
65308.6 849815
849667 65654.2
27611.8 894700
227860 677171
397911 499686
804990 149874
776230 174445
780464 161516
736642 187610
241570 672589
440067 446878
829440 79440.4
648413 256530
54108.9 854888
871872 54542
193323 737579
394988 511580
749602 186776
256195 652361
837646 79077.7
173307 744676
776230 174445
34239.8 885519
432364 467831
193323 737579
359869 562718
209786 731635
818968 128187
614189 355345
829440 79440.4
717000 234837
73856.1 845733
35961.9 883654
852483 63440.6
198150 734961
354046 632050
791672 153518
241968 669296
573857 386899
726926 203167
480121 405394
629507 267259
459759 440061
818968 128187
221485 678248
217615 710883
136662 786385
156098 762849
52357.4 873693
903636 35939.2
818968 128187
173307 744676
462086 415153
79328.9 829965
132479 811557
749602 186776
356204 595972
170401 754921
218767 700398
902664 36228.4
605613 372411
256622 649820
32503.3 894264
241968 669296
