2345.19 324520
2345.19 324520
2345.19 324520
316279 10311.9
262789 24759.8
243690 32871.2
256089 25863.8
230359 37755.2
287463 11286.4
154363 122641
286176 12520.6
3624.3 272984
251835 31825.6
253830 29694.8
6798.96 267649
273537 19790.5
273537 19790.5
113665 156863
286176 12520.6
72396.8 198549
76395.5 197125
273537 19790.5
91394.5 172644
270632 22412.8
116722 152343
80093.6 188648
85918.7 187327
22364.1 246815
287463 11286.4
109571 158725
33405.5 232336
89224 177424
160028 117574
52462.8 217371
215651 47582.6
202903 68740.2
189545 83422.9
165553 114829
127903 135734
116722 152343
181764 89930
220179 42305.1
67766.6 204652
7460.91 265463
276694 16077.7
97032.1 171571
174732 94359.9
109009 160493
87543.7 182978
276694 16077.7
31605.5 233938
25126.3 243149
287463 11286.4
133214 132561
104963 162986
58543.1 210435
256089 25863.8
101176 167653
202903 68740.2
220179 42305.1
102927 165924
104963 162986
136768 126925
209498 65858
38715.5 228076
170603 95450.1
45567 220081
60619.3 207906
167139 113193
207524 67310.1
7754.03 261052
28311.8 238605
211908 50389.1
276694 16077.7
68582.9 202486
191658 78501.2
124073 139964
121055 141821
140328 122869
40416.2 222088
196101 71659.8
269864 22591.4
216372 46590.9
64839.3 205529
178476 92253.9
102866 166513
287463 11286.4
11602 250684
102866 166513
161614 116012
119792 144260
51296.5 217793
185442 88261.9
185493 84195.1
76395.5 197125
220148 45299.6
115610 156371
77308 196933
117774 146344
34191.9 228417
