224060
224060
224060
224060
224060
224060
214269
214269
214269
214269
214269
214269
214269
214269
214269
214269
214269
214269
214269
214269
214269
214269
213680
213680
212588
211693
209947
209947
209927
208661
208661
208661
208661
208661
208661
207110
207110
207110
207110
206569
206569
204550
204550
204550
204550
201551
201551
201551
201551
201551
201551
201551
201551
201551
201551
201551
201551
201551
201551
201551
201551
201551
201551
201551
201551
201551
201538
201538
201538
201538
201538
200739
200739
199638
199638
199638
199638
198201
198201
198201
198201
198201
198201
198201
198201
197796
197796
197796
197796
197548
197548
197548
197548
196753
196753
196753
196753
196753
196140
196140
