278045 8428.07
765.435 285283
255930 23315
208396 76719.5
177450 108170
110347 173107
179764 104127
46289.4 234884
106772 176150
158296 122883
169674 119272
65272.4 218815
32861.9 243998
235869 46576.3
86685.2 196661
39127.4 238854
218102 64634.6
240436 40592.7
213231 68751.7
36872.4 242503
237089 43764.7
189872 92538.6
42773.8 238514
228708 49068.7
50533.4 231707
152232 128628
169674 119272
147989 130737
120733 159977
220810 60711.1
198995 86149.7
101674 183086
157748 126933
78877.9 203028
123646 158807
102775 182370
134083 151055
123646 158807
57039.1 224317
47905.1 232880
181721 98924.6
115541 161095
65272.4 218815
16183.3 262724
71730.3 214981
81835.1 199286
169674 119272
223415 57039.1
61538.6 221036
157748 126933
16183.3 262724
243112 34142.9
135445 146664
240436 40592.7
85825.5 196913
98887.6 189959
21974.1 253374
250609 25199.9
62220 219531
183764 95439.7
53810.8 226991
62220 219531
69585.5 217726
146884 133840
16183.3 262724
181721 98924.6
275918 8993.57
199241 85650
72069.6 209294
155215 127969
189003 94344.3
143637 136691
123646 158807
113082 166518
158296 122883
19607.3 256632
225284 55861.6
240436 40592.7
125027 151419
242344 38762.6
65272.4 218815
255930 23315
141465 137166
211275 73305.9
240436 40592.7
136853 142122
100585 184173
190260 87800.7
191076 87721.1
30611.2 249605
143637 136691
220594 63605.6
179440 105551
169674 119272
177038 117301
46122.9 236328
247766 26698.5
213231 68751.7
47905.1 232880
76393.8 207681
