420.325
420.325
420.325
420.325
420.325
411.152
408.644
408.644
408.644
408.468
406.255
398.333
398.333
388.392
388.392
388.392
388.392
388.392
386.644
385.338
383.59
383.59
383.59
383.577
383.577
381.074
376.768
373.886
372.886
372.697
372.697
372.697
372.697
367.444
367.444
367.444
367.444
367.444
367.444
367.444
362.61
362.61
362.61
362.257
362.257
358.615
355.654
355.654
355.654
355.654
353.057
353.057
352.926
352.926
352.926
352.926
349.803
349.803
349.803
349.803
349.803
349.803
349.803
349.803
349.803
349.803
349.803
337.54
337.54
336.85
336.85
336.85
336.85
336.85
336.85
336.85
336.85
336.85
336.85
336.85
336.85
336.85
336.85
336.85
336.85
336.85
336.85
336.85
336.85
336.85
336.85
336.85
336.85
336.85
336.85
336.85
336.85
336.85
336.85
336.85
