89437.5 1158.8
89437.5 1158.8
899.611 93381.2
34589.6 54772.1
42691 49571.2
17110 71109
54010.5 33763.9
50461.8 40740.7
45542.4 44609.3
24344.6 66532.8
39161.3 53279.4
51481.7 40313.4
13852.2 77435.2
47540 41977.3
29478.3 58105
85483.4 5467.71
27109.4 60229.7
2860.92 86477
37540.3 53674.7
59465 30010.3
26926.9 62578.9
29478.3 58105
2749.55 88606.5
8233.67 79780.2
15974.4 73551.1
21126.1 66977.8
1158.8 91943.6
86583.5 3254.86
6040.54 84191.9
72385.4 14353.8
9703.47 78214.8
41336.9 51906.9
32589.5 55946.9
59331.1 32889.9
47444.6 43148.3
24743.7 65112.7
73553.3 14070.4
75786.2 11835.2
5417.82 85446.6
81743.6 7872.92
82344.8 7470.88
21126.1 66977.8
2001.45 90264.3
14884.3 76170.4
5417.82 85446.6
15974.4 73551.1
84284.5 6285.16
61739.2 28670.1
29478.3 58105
42691 49571.2
29478.3 58105
85483.4 5467.71
27109.4 60229.7
52737.4 34597
75252.1 13801.3
6040.54 84191.9
5417.82 85446.6
24743.7 65112.7
14711.3 76505.6
71080.1 16242.7
87891.2 3254.86
9703.47 78214.8
75224 13870.9
75224 13870.9
77659.9 10625.4
24743.7 65112.7
51481.7 40313.4
61934.3 23894.2
6790.02 83323.2
20805 68110.2
25317 64375.6
29478.3 58105
5417.82 85446.6
65528.1 21639.3
32589.5 55946.9
68335.6 20097.2
41336.9 51906.9
81445.9 8344.19
51577.4 36378.3
20340.3 69898.3
2860.92 86477
54010.5 33763.9
43549.8 47335.7
81743.6 7872.92
27109.4 60229.7
69147 18263.5
65528.1 21639.3
37540.3 53674.7
37540.3 53674.7
32589.5 55946.9
16631.4 71230.8
24743.7 65112.7
49458.7 41141.7
78049.5 8877.02
7470.88 82537
43549.8 47335.7
8119.4 81333.7
86583.5 3254.86
61739.2 28670.1
6790.02 83323.2
