393674 23937.7
19723.1 426403
19723.1 426403
308036 127514
286444 133685
187976 236723
126124 284227
141073 262936
348279 60699.8
348279 60699.8
249880 167889
187976 236723
23190.2 384363
178646 239853
286444 133685
178646 239853
324797 77901.9
252790 160615
286444 133685
108540 300518
19739.2 397872
286444 133685
268724 157736
381312 36546
187976 236723
96498.5 308904
85834.8 334557
176687 254369
249880 167889
348279 60699.8
201392 207402
324797 77901.9
324797 77901.9
42578.5 360665
381312 36546
348279 60699.8
216863 190382
60144.8 343053
73952.8 337196
223234 185414
197077 208414
193041 221604
381312 36546
176687 254369
381312 36546
324797 77901.9
205232 194307
96498.5 308904
178646 239853
362037 45332.7
216863 190382
308036 127514
381312 36546
19739.2 397872
60144.8 343053
359125 46362.8
141073 262936
227808 173356
96498.5 308904
309523 90540.8
381312 36546
96498.5 308904
216863 190382
205232 194307
381312 36546
286444 133685
184886 239006
359125 46362.8
348279 60699.8
216829 191394
99434 305119
99434 305119
19739.2 397872
252790 160615
216975 190310
86281 328809
60144.8 343053
20130.6 385594
245498 168186
19739.2 397872
359125 46362.8
60144.8 343053
93426.1 327348
93684.1 312123
60144.8 343053
188726 225912
196962 215913
225902 177376
359125 46362.8
359125 46362.8
223200 186426
187976 236723
201392 207402
362037 45332.7
96498.5 308904
286444 133685
286444 133685
359125 46362.8
359125 46362.8
