42425.2
42425.2
42425.2
42169.5
41992.7
40792.8
40792.8
40792.8
40792.8
40792.8
39646.3
39067
38720.1
38720.1
38720.1
38720.1
38720.1
38720.1
38231.9
38231.9
38231.9
38231.9
38035.5
38010.9
37919.3
37919.3
37919.3
37919.3
37294.1
37294.1
37294.1
37294.1
37294.1
36887.6
36823.1
36823.1
36823.1
36823.1
36823.1
36823.1
36823.1
36823.1
36823.1
36659.6
36445.5
36445.5
36445.5
36445.5
36445.5
36445.5
36310.9
36310.9
36310.9
36171.8
36171.8
36171.8
36171.8
36171.8
36171.8
36171.8
36036.3
36036.3
36036.3
35883.5
35883.5
35610.1
35610.1
35610.1
35610.1
35610.1
35883.5
35610.1
35610.1
35610.1
35232.2
35232.2
35232.2
35232.2
35232.2
35232.2
35232.2
35232.2
35232.2
35232.2
35232.2
35232.2
34945.9
34945.9
34945.9
34945.9
34945.9
34756.7
34756.7
34756.7
34756.7
34756.7
34661.9
34661.9
34661.9
34645.1
