1.03192e+06
1.03192e+06
1.00726e+06
1.00726e+06
1.00726e+06
1.00726e+06
1.00726e+06
1.00726e+06
1.00726e+06
992749
992749
992749
992749
989982
989982
971859
971859
971859
971859
961451
961451
961451
961451
946936
946936
946936
946936
938510
938510
938510
938510
927186
922844
922844
920013
920013
911644
911106
909971
909971
909971
909971
909971
903598
903598
898643
898643
898643
898643
898643
898643
897255
897255
897255
897255
897255
897255
896078
896078
896078
894738
894738
894738
894738
894738
894738
894738
894738
894738
888986
888986
888986
888986
883696
883696
883696
883696
883696
883696
883696
883696
883696
883696
883696
883696
883696
883696
883696
881567
881558
881558
880121
880121
880121
880121
880121
881558
881014
881014
881014
