7394.28 515154
515344 14024.3
515344 14024.3
515344 14024.3
515344 14024.3
197289 338715
504129 21506.4
134229 390619
219050 304481
17926.1 501446
421171 103215
408296 124089
428709 100069
496485 26170.2
449572 74812.5
392643 137041
211248 311379
487940 44706.7
211114 312007
249205 274143
453212 71562
71562 447930
416085 110679
122757 400841
466974 54293.2
166852 353517
300961 225833
142618 384766
187274 346965
327329 190858
490702 36612.3
26170.2 491289
36612.3 485238
147291 380096
167146 352046
318747 200043
286537 235485
96930.8 420502
232016 288390
228103 291216
128879 395832
398173 130949
267885 252675
404598 128738
220359 299007
191813 341059
457668 62553.9
191813 341059
406134 124325
353789 171054
62553.9 458589
284268 242800
53070.1 466106
187274 346965
167146 352046
389533 142154
390712 138356
74630.3 436091
284268 242800
378544 143209
206126 318409
273851 244264
490702 36612.3
154845 373295
389533 142154
267885 252675
468646 46440.4
44494.9 475667
187274 346965
410596 119468
390712 138356
369498 155132
113806 412935
341497 179885
299141 231379
507972 18762
206126 318409
374217 153456
234586 277922
362721 165220
256564 266495
165659 360041
71562 447930
373419 154635
95526.4 431893
490702 36612.3
468646 46440.4
261218 264012
198839 328660
121270 404551
301547 218186
167146 352046
310128 209001
428949 85932.4
13231.2 512339
343705 173138
71442.2 455921
336515 187602
317877 201780
226517 298372
