737374
726842
726842
726842
726842
726842
726842
726842
726842
726842
716889
708163
708163
708163
708163
708163
703179
703179
686876
686876
686876
686876
686876
686876
686876
686876
686876
686876
686876
686876
686876
686876
686876
686876
686876
686876
686876
686876
684002
684002
684002
684002
684002
684002
684002
684002
679393
677900
677900
669302
669302
669302
669302
669302
669302
669302
667683
667683
667683
667683
667277
667277
660096
660096
660096
660096
660011
658810
656706
655069
655069
655069
655069
655069
655069
655069
655069
655069
654501
650993
650993
650860
650860
649275
647501
644073
644073
644073
644073
644073
644073
644073
640603
640603
640603
639551
639551
639551
639551
639551
