532416 9905.68
9905.68 391452
471743 12365.9
363395 61338.5
455823 15453.1
413262 25726.8
409804 30271.3
215035 189907
205250 205549
233434 271131
184260 215205
32821.2 372244
287431 123376
183277 237849
380238 119636
299651 166359
91163 312895
226756 167793
439231 16349
242623 162301
48323.1 345798
79454.8 322878
248782 142719
162301 242623
128974 276777
213444 257338
372582 132038
212835 238002
63703.3 403492
319521 105924
260779 142114
113011 332454
83238.8 398649
254484 197059
274269 211554
73812.8 438304
94899.8 301952
59991.2 342162
168035 271901
137274 264538
201572 333184
246678 161345
124180 276941
153415 265575
85696.5 391344
382815 33675.3
161792 258348
120197 339265
216920 221283
291089 113110
66902.9 437113
395428 116411
152020 260751
201082 213970
366472 134752
365956 39285.4
216862 354583
108639 284936
148810 262307
165203 294234
183277 235700
183277 235700
135229 413459
322686 66526.9
209847 326274
163390 240507
63703.3 406089
216859 356450
119216 284844
156294 408684
310496 109521
280613 127630
120139 454168
84315 351729
51931.9 404647
40266.7 360739
113641 415533
278271 130122
390952 116497
177857 234544
183277 230080
221505 217238
285151 123977
218221 282230
33543.6 520420
185821 375265
113514 452312
120099 343592
428603 30873.8
42023.8 527948
234008 354012
71493.5 448324
230226 357478
305951 269694
280059 148646
220271 381395
80553.4 380624
452490 89902.9
235496 246512
125558 457594
