416.738
412.327
409.273
407.427
407.427
407.427
400.981
399.687
399.687
399.687
399.315
399.315
399.315
392.779
392.779
391.984
391.984
386.47
386.47
386.302
384.246
380.552
378.672
378.672
373.934
370.535
370.535
370.535
370.535
370.535
370.535
370.535
370.535
370.535
363.121
363.121
363.121
363.121
363.121
361.772
361.772
361.772
361.772
361.772
361.772
361.772
359.989
359.989
357.373
357.373
357.373
357.373
357.373
357.373
357.373
357.373
357.373
357.373
356.694
356.694
356.694
356.694
355.992
355.992
355.992
355.992
355.992
355.992
355.992
351.535
351.535
351.535
351.535
351.535
351.535
351.535
347.083
347.083
347.083
347.083
347.083
347.083
347.083
347.083
347.083
347.083
347.083
347.083
347.083
347.083
347.083
347.083
347.083
347.083
344.436
342.859
342.859
342.859
342.859
342.859
