122110 2258.47
1212.75 92267.4
113444 4169.26
80923.7 8182.05
92378.9 4541.65
44151.3 48782.8
55351.3 35670.5
114146 3033.28
7786 83371.6
17377.9 72775.9
80923.7 8182.05
56515.3 29305.8
22093.5 71596.2
27356.5 61553.5
59429.2 28125.1
32245.9 56740.3
3968.87 83567
76879 11476.6
22093.5 71596.2
54450.3 38567.2
80132 8418.54
63040.3 25935.6
42826.6 49975.3
13023.9 82067.5
17076.5 77096.9
38537.1 52841.5
3968.87 83567
7786 83371.6
44151.3 48782.8
47487.3 45328.2
49465.4 43939.5
34727.1 55626.6
54450.3 38567.2
13729.2 80559
54635 36343.5
64486.7 25201.1
80923.7 8182.05
16305 78357.9
78889.5 11230.7
13729.2 80559
50257.1 42958.5
64486.7 25201.1
16305 78357.9
16305 78357.9
51673.9 39126
74476.6 15710.9
76879 11476.6
54188.3 38757.5
45343.2 48582.1
22093.5 71596.2
71879.6 15956.8
64486.7 25201.1
71879.6 15956.8
70006.7 17843.2
16305 78357.9
79405 8461.21
3968.87 83567
76591.9 12838.7
22093.5 71596.2
49465.4 43939.5
22526.3 66562.6
13729.2 80559
71879.6 15956.8
54188.3 38757.5
38628.8 51620.8
34299.1 56261.6
25740.1 62774.1
65694.3 22998.7
38537.1 52841.5
30629.5 58673.5
68750.2 19846.9
39453 50457.1
79116.5 10269.9
71879.6 15956.8
71879.6 15956.8
71879.6 15956.8
36581.4 55179.9
38537.1 52841.5
17125.1 75092.2
74914.9 13363
13743.4 79371.1
37509.6 54161.9
71651.6 16851.8
39453 50457.1
47487.3 45328.2
70006.7 17843.2
36581.4 55179.9
39453 50457.1
13729.2 80559
16305 78357.9
71879.6 15956.8
