172.281 36740.6
176.877 35908.1
43498.3 719.314
176.877 35908.1
43498.3 719.314
43498.3 719.314
153.847 42459.1
37308.3 1428.89
10170.2 26933.1
12599 25035
14136.9 24013
4275.07 31608.4
13314.6 24739.5
16922.4 20367.9
19909.5 17539.4
22659.1 12534.5
33498.2 2973.29
5371.46 30636.3
19909.5 17539.4
16253.6 20606.7
1757.91 34498.6
17661.1 19274.9
31511.8 3905.48
4275.07 31608.4
20479.4 17016.1
14269.9 23242.8
34681.1 1757.91
17429.4 19454.3
4737.88 31431.1
18577.8 18605.1
20479.4 17016.1
12441.6 25255.4
15405 21327.2
35267 1618.11
29576.5 6310.79
15636.6 21147.8
20372.5 17472.5
23418.6 12241.3
10951.4 25874.4
16186.7 20655.1
18151 18726.2
1981.82 34053.1
17429.4 19454.3
26048.8 8897.18
33913.6 2203.74
15405 21327.2
7824.47 27599.3
30424.6 4870.73
18768.2 18186.2
33913.6 2203.74
35117.5 1756.47
15002.5 22007.7
262.31 35821.9
23339 12270.1
34681.1 1757.91
15374.3 21338.2
28862.8 6543.51
28213.5 7056.69
2263.95 33584.7
11628 25384.6
26902.8 8031.53
31511.8 3905.48
17429.4 19454.3
20954.4 15663.2
346.532 34669
23821.8 12144.2
30240.4 5475.15
21278.4 14862.4
35117.5 1756.47
3449.35 32393.6
6772.9 28756.7
24881.9 9779.98
31366.1 4219.48
24876.1 10888.1
32402.3 3449.35
11628 25384.6
24503.8 11355.2
33498.2 2973.29
17043.5 19941.1
35267 1618.11
35117.5 1756.47
25969.1 9094.05
35117.5 1756.47
20479.4 17016.1
32517.5 3368.69
15636.6 21147.8
18757.2 18373.5
18768.2 18186.2
5551.88 29093.2
890.346 34640
13395.9 24260.6
32578 3172.86
2914.52 32525.1
7003.67 28199.4
25969.1 9094.05
29695.3 5777.72
24437.7 11587.8
262.31 35821.9
21259.7 15510.2
1971.37 34489.8
