227396
227396
227396
226116
226116
225997
225997
225997
225997
223945
223945
221875
220944
220944
217159
217159
217159
217159
217159
217159
217159
217159
217159
214003
214003
214003
213762
213595
212563
212563
212563
212563
212563
212563
211566
211566
211504
210210
210210
210210
210210
210210
210210
209632
208779
208779
207228
207228
206491
206088
206088
206088
206088
206088
206088
206088
205883
205883
205883
205883
205883
204396
204141
204141
202032
202032
202032
202032
202032
202032
202032
202032
202032
198946
198946
198946
198946
198946
198946
198371
196497
196497
196497
196497
196497
196497
196497
196410
195481
195481
195481
195481
195481
195481
195222
194967
194967
194967
194967
194967
