442874 5602.23
5602.23 387124
390199 15667.9
175943 230842
286020 111985
20111.6 366907
279675 114108
350683 32164.5
139453 241988
352652 27908
27908 350299
251922 142453
72094.9 320631
118250 278309
79707.3 311135
189178 202149
217289 166820
317453 72025.1
261835 120205
37551.4 340942
237696 149309
354700 27618
222912 158646
183779 205574
51032.4 331655
27908 350299
191967 196524
259115 138701
217289 166820
20111.6 366907
328209 50640.8
145112 231620
328419 49529.7
299566 94433.3
292429 104989
271216 115940
31876.9 348015
7765.72 373502
276875 114589
350683 32164.5
349086 33380.7
219460 164512
212434 169927
319876 61642.9
95636.8 297654
202460 186471
57579.6 324766
237696 149309
305954 84793.4
139453 241988
279675 114108
327894 50648.6
132122 256601
7765.72 373502
93033.1 305214
323578 57196.3
259115 138701
100125 281028
288740 111901
7765.72 373502
128352 262059
20111.6 366907
20111.6 366907
113132 279237
199567 193475
325175 54025.2
317919 62476.6
191967 196524
328209 50640.8
74153.8 318759
57579.6 324766
317919 62476.6
201790 189850
91018.9 308935
22182.3 364638
303235 87476.8
323578 57196.3
246264 143804
72094.9 320631
270530 116712
20111.6 366907
237696 149309
345131 46244.8
57579.6 324766
43704.9 338040
5750.34 383241
47071.4 336593
131593 258651
197367 195548
139453 241988
95636.8 297654
53618.6 329704
57480 326076
320639 58490.6
57579.6 324766
135775 245949
259115 138701
22472.3 351945
7765.72 373502
96987.5 290409
