1220.19 36.2215
1220.19 36.2215
1220.19 36.2215
36.2215 992.518
36.2215 992.518
90.1606 989.385
1051.53 124.358
147.308 932.239
174.356 866.373
659.521 329.571
568.164 475.754
141.796 955.992
700.595 251.886
173.848 925.247
861.123 206.898
927.698 138.758
1119.19 100.943
729.971 227.478
252.354 719.842
428.953 630.422
1195.85 94.1766
602.211 432.122
927.698 138.758
469.763 517.926
369.164 662.532
464.649 548.782
170.358 928.678
602.211 432.122
295.963 697.952
469.763 517.926
642.975 364.953
182.897 782.075
616.472 368.908
252.354 719.842
182.897 782.075
609.546 426.791
642.975 364.953
252.354 719.842
369.164 662.532
877.311 150.299
616.472 368.908
252.354 719.842
927.698 138.758
464.649 548.782
464.649 548.782
580.171 457.377
464.649 548.782
464.649 548.782
642.975 364.953
399.126 639.229
1089.84 110.016
464.649 548.782
616.472 368.908
645.848 341.982
1084.62 111.554
645.848 341.982
568.164 475.754
210.5 779.867
95.7521 972.815
95.7521 972.815
616.472 368.908
580.171 457.377
587.125 445.513
609.546 426.791
642.975 364.953
580.171 457.377
616.472 368.908
616.472 368.908
645.848 341.982
170.358 928.678
170.358 928.678
587.125 445.513
645.848 341.982
700.595 251.886
700.595 251.886
642.975 364.953
602.211 432.122
642.975 364.953
642.975 364.953
616.472 368.908
642.975 364.953
170.358 928.678
609.546 426.791
170.358 928.678
1119.19 100.943
642.975 364.953
642.975 364.953
642.975 364.953
170.358 928.678
616.472 368.908
642.975 364.953
580.171 457.377
642.975 364.953
645.848 341.982
170.358 928.678
170.358 928.678
642.975 364.953
616.472 368.908
642.975 364.953
580.171 457.377
