1447.25
1447.25
1418.14
1418.14
1407.92
1327.89
1327.89
1327.89
1327.89
1327.89
1307.61
1307.61
1307.61
1307.61
1307.61
1282.32
1268.53
1191.54
1191.54
1191.54
1191.54
1191.54
1191.54
1191.54
1191.54
1191.54
1191.54
1191.54
1191.54
1191.54
1191.54
1191.54
1191.54
1191.54
1172.04
1172.04
1172.04
1172.04
1172.04
1172.04
1172.04
1172.04
1167.48
1128.59
1128.59
1128.59
1128.59
1128.59
1128.59
1128.59
1128.59
1128.59
1128.59
1128.59
1128.59
1116.39
1116.39
1116.39
1116.39
1116.39
1116.39
1116.39
1116.39
1116.39
1116.39
1116.39
1116.39
1116.39
1116.39
1116.39
1116.39
1116.39
1116.39
1116.39
1116.39
1116.39
1116.39
1116.39
1116.39
1116.39
1116.39
1116.39
1116.39
1116.39
1116.39
1116.39
1116.39
1116.39
1107.91
1107.91
1107.91
1107.91
1107.91
1107.91
1107.91
1107.91
1107.91
1064.18
1064.18
1064.18
