1.43197e+06 19761.6
10251.1 1.6143e+06
10251.1 1.6143e+06
1.19283e+06 239829
743771 771025
272866 1.21273e+06
832834 686808
731937 807939
850734 654791
698501 860468
329143 1.12585e+06
1.39448e+06 36197.9
19761.6 1.39687e+06
1.03568e+06 381149
1.13585e+06 316475
698501 860468
475159 986705
957275 546506
1.29833e+06 113884
1.13173e+06 320344
1.39448e+06 36197.9
1.35625e+06 48724.2
1.2523e+06 144200
969834 491614
525219 939175
1.03568e+06 381149
471369 1.03355e+06
679875 873623
301179 1.15727e+06
1.23217e+06 156805
535189 899543
1.18077e+06 241981
856324 589739
1.35625e+06 48724.2
36197.9 1.35261e+06
856432 588013
913647 555399
1.39448e+06 36197.9
1.02089e+06 474085
1.2523e+06 144200
94625 1.30637e+06
1.35625e+06 48724.2
345903 1.06636e+06
457631 1.04977e+06
1.29801e+06 124045
140598 1.25359e+06
540086 898614
107720 1.27373e+06
762478 760576
1.25885e+06 125216
369790 1.05563e+06
1.12571e+06 331067
369790 1.05563e+06
1.03568e+06 381149
1.39448e+06 36197.9
305810 1.14788e+06
1.03568e+06 381149
125140 1.26252e+06
701313 814007
140598 1.25359e+06
1.31301e+06 66171.3
1.2523e+06 144200
1.16797e+06 300043
1.29833e+06 113884
17111.3 1.40352e+06
277154 1.18954e+06
1.39448e+06 36197.9
535189 899543
764705 751620
385802 1.0499e+06
486018 986627
1.23217e+06 156805
58131.8 1.33227e+06
466832 1.04788e+06
20266.7 1.39664e+06
295640 1.17299e+06
1.03568e+06 381149
698501 860468
969834 491614
1.31301e+06 66171.3
34887.6 1.37399e+06
883502 558953
20483.8 1.37635e+06
800321 711763
1.02095e+06 383577
530637 932771
1.29801e+06 124045
99514.6 1.27764e+06
773475 730412
1.33835e+06 57537.8
1.39448e+06 36197.9
921679 546648
1.37658e+06 44524.3
698501 860468
874644 560767
36797.9 1.33859e+06
363808 1.06197e+06
1.33466e+06 59530.4
695301 868952
1.33995e+06 50524.2
