21045.4
21013.2
20880.9
20880.9
20880.9
20880.9
20761.5
20761.5
20619.7
20619.7
20619.7
20619.7
20619.7
20411
20303.3
20303.3
20231.3
20076.8
20076.8
20076.8
20076.8
20076.8
20042.2
19973.5
19797.5
19797.5
19790.7
19548.8
19548.8
19548.8
19548.8
19548.8
19548.8
19363.1
19363.1
19363.1
19363.1
19363.1
19354.8
19354.8
19277.9
19277.9
19158.1
19158.1
19153.7
19153.7
19128.1
19128.1
19128.1
19128.1
19128.1
19121.6
19049
19049
19031.4
18951.7
18951.7
18951.7
18951.7
18951.7
18951.7
18829.2
18829.2
18829.2
18823.9
18808.7
18808.7
18808.7
18808.7
18808.7
18808.7
18785.6
18785.6
18785.6
18785.6
18764.4
18764.4
18764.4
18764.4
18764.4
18764.4
18764.4
18764.4
18764.4
18764.4
18764.4
18681.3
18681.3
18681.3
18681.3
18681.3
18681.3
18669.7
18669.7
18669.7
18669.7
18669.7
18669.7
18669.7
18648.6
