11542.3 1.44775e+06
1.47264e+06 13171.5
1.47264e+06 13171.5
1.47264e+06 13171.5
11910.9 1.42092e+06
1.07177e+06 448896
403727 1.06212e+06
1.08489e+06 429029
1.26176e+06 155029
374383 1.09768e+06
1.37546e+06 32489.2
403063 1.06638e+06
833473 594434
601295 804368
576757 822144
799005 618598
1.39485e+06 13782.1
46789.4 1.35207e+06
924243 566941
983519 464685
1.19286e+06 211918
500648 947610
952496 481214
1.00692e+06 453305
1.34724e+06 60201.8
559150 847258
375048 1.08912e+06
523393 918261
1.28596e+06 119474
1.1562e+06 355092
320540 1.21156e+06
523393 918261
191725 1.22256e+06
507330 944833
833473 594434
936850 508386
334132 1.1374e+06
722085 695125
975236 469081
1.12401e+06 371854
1.1156e+06 376698
657461 759014
429824 1.00756e+06
347958 1.1231e+06
541665 894107
833473 594434
139319 1.29199e+06
18527.9 1.37932e+06
836428 587797
640093 775738
1.30783e+06 96825.2
454207 965426
750380 652217
1.00692e+06 453305
1.31265e+06 89236
330106 1.15259e+06
773120 631409
411971 1.03391e+06
1.21188e+06 189406
544521 883687
169471 1.2328e+06
69042.8 1.32968e+06
1.08489e+06 429029
1.24246e+06 183721
436354 990540
139319 1.29199e+06
1.39485e+06 13782.1
1.16748e+06 243119
675282 746609
564153 843534
836428 587797
403727 1.06212e+06
833473 594434
924243 566941
519027 921919
1.31588e+06 66724.5
330106 1.15259e+06
1.18649e+06 222967
608955 793969
403727 1.06212e+06
1.08657e+06 417741
407511 1.04733e+06
40819.3 1.35922e+06
1.19286e+06 211918
1.1226e+06 373047
1.1226e+06 373047
1.30699e+06 100285
1.2677e+06 140323
675282 746609
139319 1.29199e+06
721251 706558
1.00692e+06 453305
833473 594434
324348 1.1582e+06
1.00692e+06 453305
330106 1.15259e+06
728140 691100
477924 960348
546546 872728
622931 792669
