196699 5858.46
1878.33 197416
204045 5839.33
34138.1 165618
45352.1 154854
195900 12739.6
162352 35444.2
184329 14440.2
144509 51209.5
95617.2 102701
46582.6 152581
34138.1 165618
73998.3 124092
95613.8 103320
92296.6 109804
165142 32692.6
63362 136458
126874 69292.3
82583.1 115695
155324 43054
139891 57438.2
10297.8 186685
119822 75296.7
178340 19642.7
54117.8 143413
91795.5 111257
151580 47860.5
150389 50065.9
14804.1 182891
11563.6 183788
60220.9 137468
177253 23026
34138.1 165618
49396.8 147934
92573.9 104314
104534 92782.8
28746.4 167777
142999 53764.5
143038 53677.4
177253 23026
91795.5 111257
10297.8 186685
157250 39901.6
46582.6 152581
45352.1 154854
150676 48290.2
53232.4 144197
104534 92782.8
68715.5 135145
21082.6 175473
111550 86806.1
122816 69388
68715.5 135145
8605.08 188446
22205.5 173640
166452 30582.4
85896.5 112470
15421.7 177929
72520.1 127304
78215.9 122747
53614.3 143900
52685.7 146253
48784.1 151009
117898 80589.3
107108 89802.1
56926.7 138369
114955 80930.2
128006 65340.1
131825 60980.3
53232.4 144197
53232.4 144197
170452 27174
33939 165957
5812.1 191279
134401 60554.1
137911 58402.1
86489.9 111319
56521.9 142670
27251.4 170695
166569 29086.6
104933 91948.5
29220.7 167727
172570 24692.7
101415 96038
122671 69924.3
187455 13269.3
34138.1 165618
180387 16792.6
114636 86067
102691 95872.7
69901.9 129826
79202.7 119127
172570 24692.7
14804.1 182891
160768 36539.4
119822 75296.7
78026.1 123096
56686.5 141745
165142 32692.6
49396.2 149662
