1.38838e+06 125783
11280.5 1.44351e+06
1.38838e+06 125783
11280.5 1.44351e+06
164101 1.24695e+06
891917 521949
1.37518e+06 139511
164101 1.24695e+06
771322 678217
287435 1.15138e+06
1.19102e+06 243401
1.24777e+06 204163
157521 1.25449e+06
1.21577e+06 223801
816614 624980
1.20839e+06 238485
346792 1.08693e+06
1.00652e+06 436554
685733 717811
405075 979313
726242 695185
991818 452868
1.27966e+06 162960
516725 889485
747269 694427
991818 452868
572564 833896
260135 1.17076e+06
578408 817860
619768 786948
476248 949831
508088 902736
232777 1.18716e+06
805703 633996
477022 942939
24242 1.40505e+06
1.05901e+06 349775
1.26004e+06 193083
34379.9 1.34417e+06
660568 732840
1.08347e+06 324998
297851 1.12386e+06
1.15035e+06 246036
1.10926e+06 304536
1.37711e+06 125892
653990 745492
78578.4 1.2894e+06
1.22019e+06 209036
337952 1.08717e+06
685733 717811
865416 540153
33269.6 1.37853e+06
971714 467375
641588 750775
839143 590871
983682 461057
298183 1.11083e+06
772060 647861
600586 806462
957655 478928
548012 862424
780695 639782
1.1074e+06 311533
251295 1.18624e+06
760029 679069
630375 758793
943997 494948
1.13868e+06 257354
772060 647861
324157 1.10586e+06
1.09708e+06 315435
1.09137e+06 320925
1.1793e+06 244388
396101 1.03978e+06
608554 790498
1.20839e+06 238485
1.01727e+06 418372
851803 570722
956557 480203
1.32766e+06 143952
1.32766e+06 143952
1.32766e+06 143952
834534 605791
1.0379e+06 366427
599491 809044
540495 863360
853738 566860
600586 806462
379719 1.04101e+06
868229 537122
375472 1.06507e+06
540495 863360
1.02968e+06 374991
724074 703557
401946 1.02113e+06
1.32766e+06 143952
1.27487e+06 185249
278595 1.16686e+06
1.32766e+06 143952
856212 560426
