461738 25836.4
461738 25836.4
461738 25836.4
461738 25836.4
461738 25836.4
11498.3 411631
461738 25836.4
461738 25836.4
461738 25836.4
461738 25836.4
461738 25836.4
461738 25836.4
461738 25836.4
461738 25836.4
362305 75390.5
337130 86666.6
412109 45468.7
173544 250278
315913 94140.1
192154 229981
34850.3 368649
70056.4 334228
11551.5 398813
412109 45468.7
136526 253693
180649 243501
445481 27147.2
114917 282006
63890.4 348372
412109 45468.7
238404 147886
97386 300461
267455 134242
30874.4 394831
62729.1 350101
311688 104086
394845 53297.5
300680 106150
283247 112863
89055.1 316276
238404 147886
346593 84399.4
47360.9 353049
188149 242958
346593 84399.4
47360.9 353049
75262.6 317388
238145 162344
444330 33665.3
328584 87188.1
382910 57407.9
272459 131210
311688 104086
356429 81087.8
394845 53297.5
30874.4 394831
394845 53297.5
225502 181093
364832 68953.9
376813 60703.4
128141 263965
373446 63786.4
128141 263965
392745 54060.1
436869 36156.2
30874.4 394831
197837 225045
412109 45468.7
62729.1 350101
100443 285765
63890.4 348372
70056.4 334228
62729.1 350101
117174 266953
382910 57407.9
274830 126857
290326 110732
63890.4 348372
362305 75390.5
246751 140869
209481 213857
361618 80970.9
426092 38423.3
193623 227516
63890.4 348372
193623 227516
276041 114727
266426 136002
328584 87188.1
322708 92332.3
115605 274857
100443 285765
62729.1 350101
394845 53297.5
96055.7 302435
328584 87188.1
134725 258427
444330 33665.3
128141 263965
394845 53297.5
