1.513e+06
1.50443e+06
1.50443e+06
1.49768e+06
1.4898e+06
1.4898e+06
1.46828e+06
1.46828e+06
1.46828e+06
1.46828e+06
1.46828e+06
1.46828e+06
1.46828e+06
1.46552e+06
1.46552e+06
1.46552e+06
1.46552e+06
1.46552e+06
1.46552e+06
1.46552e+06
1.46443e+06
1.45475e+06
1.45475e+06
1.45475e+06
1.4547e+06
1.4547e+06
1.44195e+06
1.44195e+06
1.43357e+06
1.43357e+06
1.43357e+06
1.43357e+06
1.43357e+06
1.43357e+06
1.41105e+06
1.41105e+06
1.41105e+06
1.41105e+06
1.41105e+06
1.41105e+06
1.40876e+06
1.40876e+06
1.40876e+06
1.41105e+06
1.41105e+06
1.39467e+06
1.39467e+06
1.39467e+06
1.39467e+06
1.39467e+06
1.39467e+06
1.39467e+06
1.39467e+06
1.39467e+06
1.39467e+06
1.39467e+06
1.39467e+06
1.39467e+06
1.39467e+06
1.39467e+06
1.39467e+06
1.39467e+06
1.39467e+06
1.39467e+06
1.39137e+06
1.39137e+06
1.39137e+06
1.39137e+06
1.39137e+06
1.39137e+06
1.39137e+06
1.39137e+06
1.39137e+06
1.39137e+06
1.39137e+06
1.38861e+06
1.38679e+06
1.38679e+06
1.38679e+06
1.38287e+06
1.37713e+06
1.37713e+06
1.37713e+06
1.37713e+06
1.37713e+06
1.37713e+06
1.375e+06
1.375e+06
1.375e+06
1.375e+06
1.375e+06
1.375e+06
1.375e+06
1.375e+06
1.375e+06
1.375e+06
1.37485e+06
1.37485e+06
1.36797e+06
1.36797e+06
