1429.77 103.988
1524.34 18.6011
18.6011 1318.64
18.6011 1318.64
18.6011 1318.64
115.653 1075.89
966.107 310.515
1268.58 173.182
966.107 310.515
380.988 763.952
291.89 978.77
902.125 383.589
1159.15 252.369
1470.98 83.4745
1327.21 150.933
825.902 494.791
308.761 922.11
308.761 922.11
825.902 494.791
932.481 355.804
239.437 1023.09
878.109 407.997
213.997 1046.56
877.888 415.621
1140.99 265.766
1140.99 265.766
1470.98 83.4745
453.59 666.805
516.595 611.996
1140.99 265.766
1140.99 265.766
834.253 420.14
834.253 420.14
834.253 420.14
1470.98 83.4745
1397.98 133.238
1221.1 247.115
76.8203 1157.35
516.595 611.996
213.997 1046.56
1325.25 171.29
834.253 420.14
1467.29 87.865
213.997 1046.56
410.323 737.6
76.8203 1157.35
410.323 737.6
1221.1 247.115
516.595 611.996
1221.1 247.115
76.8203 1157.35
410.323 737.6
1140.99 265.766
335.242 836.8
76.8203 1157.35
335.242 836.8
76.8203 1157.35
335.242 836.8
335.242 836.8
1214.51 252.142
76.8203 1157.35
76.8203 1157.35
1214.51 252.142
1397.98 133.238
335.242 836.8
1397.98 133.238
1325.25 171.29
1262.16 200.666
76.8203 1157.35
1397.98 133.238
1214.51 252.142
1397.98 133.238
475.236 632.674
1397.98 133.238
335.242 836.8
1262.16 200.666
1262.16 200.666
1397.98 133.238
76.8203 1157.35
1325.25 171.29
1262.16 200.666
1467.29 87.865
1325.25 171.29
943.336 348.143
943.336 348.143
1262.16 200.666
1262.16 200.666
551.1 513.076
1467.29 87.865
943.336 348.143
1467.29 87.865
76.8203 1157.35
943.336 348.143
943.336 348.143
943.336 348.143
943.336 348.143
943.336 348.143
516.595 611.996
551.1 513.076
317.812 874.584
