7151.57 861106
7151.57 861106
842478 35290.7
290318 577666
121286 752321
362704 524199
79571 766716
148511 728774
671721 196866
693897 158730
659244 204029
644130 217372
708533 118027
164129 676883
806829 44811
196707 636419
465079 356508
648992 214914
432490 430358
130846 740037
644130 217372
382129 464071
32636 808763
38900 788154
493821 321653
643767 217405
9693.49 841902
130869 730823
557728 265765
121286 752321
421126 458934
182272 660656
732923 95428.9
595812 236776
764822 63438
571649 242956
698359 127120
182272 660656
421126 458934
296688 543619
199027 617555
298700 532024
689798 174922
689798 174922
255262 586522
465079 356508
428609 430474
644130 217372
21343.8 840647
93914 766429
421126 458934
121286 752321
164129 676883
689798 174922
180280 670633
148511 728774
606144 229827
50794.6 780505
212429 594602
765970 59292.8
806829 44811
737779 81470
36409.1 797703
371955 470861
763179 72795.3
648992 214914
181245 662054
743741 73632.9
26070.1 833297
424877 442232
296688 543619
196707 636419
832670 42462.7
737779 81470
433116 378342
606144 229827
212429 594602
180280 670633
130869 730823
298700 532024
228357 593999
156169 694071
156169 694071
832670 42462.7
671721 196866
164129 676883
606144 229827
164129 676883
382129 464071
182272 660656
693897 158730
428609 430474
227381 594114
648992 214914
806829 44811
653800 209779
424877 442232
693897 158730
180280 670633
21343.8 840647
