281746 3532.36
3199.92 266858
265669 10641.5
48411.2 214762
130504 131745
248717 22733.7
96205.5 182857
38417.9 221728
260064 14233.8
23634.7 238846
231578 31990.1
228868 54150
206475 63497.8
123156 138002
225419 33341.3
189751 113441
73392.8 185314
138002 122741
181769 82150.3
109666 148884
8933.73 244999
241145 26186.7
150801 136914
179810 88070.9
159416 105155
10840.1 263377
4160.37 254337
13220 286838
255936 16439.9
30659.5 230760
153638 113807
92517.7 170737
218037 44293.4
255393 16556.4
158139 106414
214589 54730.9
199502 64301.9
18753 241491
251891 16701.1
61649.7 199120
191367 71343.7
46511.7 256240
172305 152962
75562.2 238194
265818 4522.09
66468.3 187809
145977 146527
81808.3 182332
66077.1 194544
97626.4 161561
211953 55570.8
211811 119138
214031 80943.9
45944.1 217325
140214 121173
66077.1 193685
129084 144807
186864 76897.7
39894.5 255663
48411.5 213430
156645 129307
237059 26391.2
89006.9 173605
20174.6 271854
45423.1 220055
185085 90975.7
158357 115103
160206 96781
59203.1 236386
10658.4 263973
140784 119655
75463.7 202039
58528.7 204014
198777 65957.5
142826 143759
167270 90805.6
94584.3 238789
16439.9 258227
71154.4 246141
53694.8 241339
33341.3 226449
37496.1 259573
101699 156952
130504 134697
3515.48 265857
148814 139452
103121 201401
54526.6 236633
133675 131361
36483.5 258384
82026.7 203991
119482 170204
141397 115945
75362 244917
55788.1 205843
150449 107099
145012 112402
115208 142222
27874.1 232728
93002.4 163148
