44227
35339.4
35339.4
35339.4
32606.2
32606.2
32606.2
23810
23810
23810
23810
23810
23810
23810
23810
23810
23810
23810
23810
23810
23810
23810
23810
23810
12048.4
12048.4
12048.4
12048.4
12048.4
12048.4
12048.4
12048.4
12048.4
12048.4
12048.4
12048.4
12048.4
12048.4
12048.4
12048.4
12048.4
12048.4
12048.4
12048.4
12048.4
12048.4
12048.4
12048.4
12048.4
12048.4
12048.4
17896.2
17896.2
17896.2
17896.2
17896.2
17896.2
17896.2
8617.96
8617.96
8617.96
11079.6
11079.6
11079.6
11079.6
11079.6
11079.6
11079.6
11079.6
11079.6
11079.6
11079.6
8864.5
8864.5
8864.5
8864.5
8864.5
8864.5
8864.5
8864.5
8864.5
8864.5
8864.5
8864.5
8864.5
8864.5
8864.5
8864.5
8864.5
8864.5
8864.5
8864.5
8864.5
8864.5
8864.5
8864.5
8864.5
8864.5
8864.5
8864.5
