416.079
412.468
411.589
406.921
406.453
403.779
403.779
403.779
403.779
403.061
403.061
403.061
403.061
394.814
394.814
394.814
394.39
392.728
392.446
392.446
386.615
386.615
386.615
381.957
381.136
381.008
373.622
373.622
373.622
373.622
373.622
373.622
373.622
373.622
373.622
373.622
373.622
373.622
372.566
370.02
370.02
366.385
366.385
366.385
366.385
366.385
366.385
366.385
366.385
366.385
366.385
366.385
365.754
365.754
365.754
365.754
365.484
365.484
365.484
365.484
364.708
357.953
357.953
357.953
357.953
357.953
357.953
357.953
357.953
357.953
357.953
357.953
357.953
357.953
357.953
357.953
357.953
357.953
357.953
357.953
357.953
357.953
357.953
357.953
357.953
357.953
357.953
357.953
357.953
357.953
357.953
357.953
357.953
357.953
357.953
357.953
357.953
357.953
356.79
356.79
