571621
571621
571621
568438
568438
566465
566165
565088
563860
551684
551684
551684
551684
551684
550279
550230
550230
550230
545690
542820
537329
537329
537329
537329
537329
537329
537329
533464
533464
528247
528247
528247
528247
528247
528247
528247
528247
528247
528247
528247
528247
528247
528247
528247
523474
523474
520779
520532
520532
520532
520532
520532
518949
518949
518949
518949
517836
516640
516640
516640
516640
516640
516189
516189
516189
516189
516189
516189
516189
516189
516189
516189
513719
513719
513098
513098
513098
513098
513098
513098
513098
509365
509365
509365
509365
509365
509365
509365
509365
507658
507658
507658
507658
507658
506446
506446
506446
506446
506446
506446
