215843 33919
1516.26 226661
1516.26 226661
215843 33919
215843 33919
215843 33919
215843 33919
1516.26 226661
215843 33919
215843 33919
215843 33919
215843 33919
215843 33919
7775.89 209555
57205.9 158795
21038.8 198112
184251 50717.8
118499 105022
112560 106569
164211 61619
179993 54405.5
103969 114393
26346.5 190871
78730.5 141778
89990.6 125446
97782.8 119215
85992.7 129771
82753 139571
140431 78390.2
56898.7 159857
95457.9 120500
200658 45004.8
171762 56684.8
49627.4 176449
195770 48375.2
151510 66874.1
69582.9 153085
40442.5 187244
167643 57697.4
26346.5 190871
100649 116515
46526 181544
196512 46857.8
171762 56684.8
18561.6 200841
191781 49390.3
160060 65073.5
26346.5 190871
133473 82945.1
207885 39252.4
210770 37793.5
20709 198128
179993 54405.5
53488 162079
105751 112374
109443 108934
124976 91427.4
50386.6 164016
201585 42616.9
25790.5 191915
201585 42616.9
82753 139571
130047 85461.4
171762 56684.8
72969.1 145873
81200.1 140363
81200.1 140363
199472 46585.6
75610.9 145529
75610.9 145529
49627.4 176449
82753 139571
72522.6 150205
204545 42437.5
57205.9 158795
171762 56684.8
207885 39252.4
204545 42437.5
151510 66874.1
105751 112374
143927 73973.2
124976 91427.4
210770 37793.5
195770 48375.2
204545 42437.5
194744 48709.9
210770 37793.5
145359 71726.1
46526 181544
204545 42437.5
206039 40378.2
194744 48709.9
145359 71726.1
143927 73973.2
120389 99731.4
171762 56684.8
68550.6 156214
137005 79304.3
49627.4 176449
46526 181544
