309214
306401
301985
301985
301811
301811
295544
293243
293243
291927
291927
291927
290061
290061
289695
289066
289066
289066
289066
287645
284781
282543
282539
282539
281604
281604
281604
281604
279738
279738
279738
279738
279738
277765
277765
276963
276963
276000
276000
273880
273880
273880
273880
273880
273259
273259
273259
273259
273259
273259
272889
270837
269946
269946
269946
269946
269946
269946
269834
269834
269834
269834
269496
269295
268888
268888
268888
268888
268872
268872
267954
267954
266736
266736
266736
266736
266736
264980
263560
262840
262608
261790
261790
260148
259739
259739
258757
258611
258250
258250
258250
258250
258250
258250
257550
257550
257550
257550
257550
256689
