308197
308197
308197
305564
302825
302825
302825
302825
302825
302825
296884
296884
296884
296884
296884
295797
295797
295797
295797
295797
295797
295797
291845
289561
289561
289561
289561
289561
289561
289398
289398
289036
285720
285720
285720
285720
285466
285466
285466
285466
283187
283187
283187
283187
283187
283187
283187
283187
283187
281945
281945
281945
281945
281945
281945
281649
281649
280057
280057
280057
279767
279767
279767
279767
279376
279376
277574
277574
277574
277574
277574
277267
277267
277267
277267
277267
277267
276616
276616
276616
276616
277146
277146
277146
277146
276616
276616
275915
275915
275809
275809
275809
275809
275809
275809
275809
275348
275348
275348
274465
