952525
942457
941764
922208
922208
922208
922208
909226
909226
909226
909226
898278
898278
898278
898278
898278
898133
898133
898133
898133
898133
881608
881608
881608
881608
855826
855826
855826
855826
855826
855826
855826
855826
855826
855826
855826
850753
850753
850753
850753
850753
845015
845015
838696
829499
829499
829499
824884
824884
822716
820380
820380
820380
820380
820380
820380
820380
820380
820380
820380
820380
820380
820380
820380
815249
815249
815249
814400
814400
814400
814400
814140
814140
813290
813290
813290
807817
807817
804956
803399
800132
799130
799130
799130
799130
799130
799130
799130
799130
797148
792690
792690
792690
792690
792690
792690
792690
792690
792690
792690
