409.598 11.0645
1 374.45
409.598 11.0645
409.598 11.0645
187.758 196.318
210.31 177.87
156.454 238.338
359.722 12.7082
251.552 135.188
242.943 144.466
162.635 233.865
272.578 101.905
146.249 243.45
90.9306 285.185
114.435 271.439
45.9455 336.205
330.988 54.9855
352.343 18.3006
345.894 21.6011
251.552 135.188
79.8387 303.259
237.914 155.404
73.0854 308.934
82.0209 298.213
21.6011 346.354
40.9017 344.761
358.907 15.5366
308.48 80.9221
318.338 69.5314
127.114 254.268
115.081 268.944
268.012 108.768
134.726 249.57
187.758 196.318
224.475 166.964
313.326 70.9736
245.42 135.943
42.5312 337.288
293.959 89.8821
167.647 231.416
301.408 89.2665
54.9164 326.995
197.565 192.689
252.351 125.842
380.379 11.198
313.326 70.9736
117.339 265.952
98.704 271.973
308.48 80.9221
11.8284 359.171
337.851 31.3399
108.779 271.509
49.9357 332.529
262.511 119.201
201.608 182.62
289.137 94.8384
321.572 62.6058
226.767 163.383
73.0854 308.934
323.326 61.0247
65.6067 316.374
87.7292 286.466
15.5366 352.722
123.128 259.389
308.48 80.9221
148.802 240.062
41.9461 343.943
58.3035 324.283
94.3794 276.332
12.7082 357.929
11.8284 359.171
82.4931 291.052
179.02 201.401
226.767 163.383
38.9012 345.182
38.9012 345.182
220.984 173.251
11.8284 359.171
301.408 89.2665
12.7082 357.929
234.398 156.826
306.064 86.9718
15.5366 352.722
114.435 271.439
12.7082 357.929
239.285 150.375
234.398 156.826
12.7082 357.929
306.416 84.7637
168.99 214.313
251.552 135.188
11.4628 368
41.9461 343.943
255.244 125.842
330.988 54.9855
21.6011 346.354
64.3707 323.883
70.0999 315.762
329.817 56.9564
187.901 195.806
