41810.7
41731.3
41731.3
41703.8
40603
40603
40603
40603
40585.8
40492.3
40467.1
40463.7
40356.7
39984.8
39984.8
39650.3
39650.3
39173.4
38863.4
38863.4
38620.5
38620.5
38620.5
38620.5
38602.7
38355.2
38355.2
38316
38316
38058
38058
38058
37675.3
37675.3
37579.8
37579.8
37579.8
37579.8
37579.8
37341.2
37341.2
37183.7
37183.7
36960.3
36960.3
36960.3
36915.4
36915.4
36915.4
36915.4
36915.4
36915.4
36915.4
36915.4
36915.4
36915.4
36915.4
36915.4
36913.4
36913.4
36913.4
36856.4
36716.5
36716.5
36596.5
36596.5
36596.5
36596.5
36596.5
36596.5
36596.5
36596.5
36596.5
36228.2
36105.7
36105.7
36105.7
35827.5
35827.5
35827.5
35827.5
35827.5
35827.5
35827.5
35827.5
35580.2
35580.2
35580.2
35515
35515
35515
35515
35354.8
35354.8
35354.8
35354.8
35354.8
35354.8
35354.8
34781.6
