18050.9 292.613
109.433 20626.9
109.433 20626.9
3380.44 16049.5
11908.5 6800.57
9205.93 9880.87
10700.7 7743.16
12571 6032.16
6715.67 11952.3
15907.9 1502.38
12617.5 5964.15
14941.5 3993.8
10700.7 7743.16
10396.9 7997.9
150.48 18403.8
10827.4 7670.33
6345.33 12276.6
2136.89 16555.3
6715.67 11952.3
9501.86 9735.6
13187 5542.02
13719.2 5168.28
1253.77 16617.4
5797.43 12725.7
2281.15 16324.3
17288.4 851.243
9573.13 9436.86
10700.7 7743.16
17020.5 891.28
3939.08 14661.8
7579.16 10660.1
3606.85 15835.9
15627.6 2652.53
1092.99 16754.2
14416.9 4526.57
678.337 16913.5
2281.15 16324.3
6933 11789.3
878.621 16826.3
4365.03 13885.5
6063.74 12436
3708.07 15413.1
14047.3 4581.05
7352.69 10872.3
14521.9 4478.78
3624.76 15620.4
17499.4 628.735
5700.19 12763.8
13187 5542.02
292.613 17780.8
6571.81 12029.6
12695.3 5960.87
3833.07 14825.9
13837 4736.87
9604.67 8389.04
7189.12 11193.5
10396.9 7997.9
7662.46 10641.7
4929.37 13033.3
4985.66 12878.6
8578.43 10251.6
13837 4736.87
17721.8 543.794
16529.2 1155.6
678.337 16913.5
17288.4 851.243
14521.9 4478.78
588.162 17650.8
10700.7 7743.16
4696.91 13565.5
588.162 17650.8
10083.6 8166.52
628.735 17596
4922.62 13206.7
13572.5 5247.74
14391.7 4559.8
2281.15 16324.3
8904.15 10060.1
14784.9 4217.49
14785.3 4197.89
12893.5 5882.24
7025.12 11275.3
12060.8 6220.29
13737 4921.18
3364.82 16287.6
11986.9 6409.7
13837 4736.87
8140.42 10496.3
3382.73 15854
1253.77 16617.4
3942.28 14379.4
10466 7836.3
5803.81 12625
7662.46 10641.7
14766.6 4329.55
3380.44 16049.5
6933.83 11326.6
12345.4 6143.75
13554.2 5406.02
13837 4736.87
