405.792 19129
18772.1 629.572
405.792 19129
3585.83 15365.9
9475.66 10018.4
5307.4 14464.7
2823.64 16424.6
7250.89 12173.5
17047.3 2123.01
14975 3848.82
10761.6 8438.36
18121.2 941.351
15960.8 2930.62
15199 3664.07
1639.17 17436.5
7681.04 11602
17232.8 1867.29
16405.4 2403.35
17682.2 1324.54
7859.27 11283.2
6885.77 12323
1762.38 17206.7
11833.7 6883.78
2945.25 16022
15648.1 3181.37
7282.9 11863
11423.9 7712.36
7370.65 11642
11565.3 7649.14
17774 1162.28
17363.4 1613.67
10261.7 9584.77
3911.69 15178.9
16625.1 2237.35
3098.97 15648.9
14457.2 4757.37
13648.6 5555.4
12091.7 6618.36
14333 4861.74
2190.35 16479.3
11423.9 7712.36
14042.1 5078.79
10261.7 9584.77
14662.3 4019.6
5041.39 14653.3
8229.47 11036.8
9795.17 9869.61
14975 3848.82
600.372 18576
5770.63 13290.7
11060.2 8090.76
1233.37 17670
6244.23 12636.1
5901.32 13024.9
8229.47 11036.8
17510 1519.69
9194.42 10343
6885.77 12323
10961.9 8269.79
16092.7 2619.86
9292.18 10198.6
9024.9 10487.5
5587.01 13661.5
15403.9 3448.32
5782.86 13231.5
856.349 17940.8
10261.7 9584.77
629.572 18343
11060.2 8090.76
13045.7 5774.37
7370.65 11642
11565.3 7649.14
9292.18 10198.6
3585.83 15365.9
16625.1 2237.35
2823.64 16424.6
12777.3 6111.78
12498.8 6242.47
15654.1 3164.1
8058.07 11112.5
11565.3 7649.14
11565.3 7649.14
11565.3 7649.14
13937.2 5180.38
6885.77 12323
4224.17 14935.7
16348 2584.95
12093.8 6600.44
11565.3 7649.14
9890.66 9764.96
18404 629.572
6060.06 12883.9
14662.3 4019.6
7859.27 11283.2
12777.3 6111.78
1925.67 16723
7370.65 11642
13045.7 5774.37
18308.3 912.409
2823.64 16424.6
