213955 10199.4
213955 10199.4
4410.74 202340
4410.74 202340
2003.75 209021
2003.75 209021
48719.7 160939
146693 54858.4
48997.9 157278
25133.4 177691
125667 78196.8
113834 90232.7
113827 90892.2
87781.2 112955
153075 45309.9
60260.1 142847
182130 18230.7
165137 36502.9
74166.8 128073
108252 91827
60475.9 138782
77534 120667
28741.5 171989
117418 83265.8
147801 54108.7
128054 73977.3
196381 13381.3
43377.8 161819
77534 120667
196381 13381.3
142868 57573.9
8217.15 197415
196381 13381.3
190885 17564.1
133377 63609.8
203313 12581.8
63462.4 133291
122682 78386.2
56126.3 145054
30621.2 168223
83952.2 113867
81696.4 117473
196381 13381.3
140300 58242.9
8217.15 197415
28741.5 171989
17307.2 182501
10215.2 190760
182130 18230.7
175414 26384.2
102738 98610.3
148669 51186.9
114785 86524
74166.8 128073
95655.9 107076
51914.4 148425
140300 58242.9
171122 28923.2
34229.3 166171
90424.4 108135
191658 14098.9
99435.8 106261
179022 23599.7
100169 104896
146693 54858.4
171122 28923.2
17307.2 182501
13823.3 188017
4410.74 202340
114785 86524
21628.3 178857
76802.8 120748
67768.5 128372
17307.2 182501
108252 91827
114785 86524
121279 79559.8
104644 94569.9
48997.9 157278
182130 18230.7
4410.74 202340
175414 26384.2
48997.9 157278
25236.4 176066
126193 75643.3
74166.8 128073
167309 34243.4
131486 66893.3
179022 23599.7
159436 40433.3
48997.9 157278
207050 12396.3
140300 58242.9
162534 40125.9
48997.9 157278
169294 31015.1
182130 18230.7
28741.5 171989
89291.1 112042
77534 120667
