1.48501e+06 23364.4
8052.61 1.47583e+06
1.0095e+06 429605
961677 495683
1.01605e+06 369037
483331 940752
194835 1.2596e+06
107539 1.28411e+06
772009 643927
181414 1.26333e+06
1.30633e+06 96138.6
1.27138e+06 133683
1.38437e+06 32995.2
1.24139e+06 217524
1.33239e+06 73896.1
606636 808568
1.35076e+06 71682.1
842633 564780
1.17511e+06 241841
725227 691093
810981 595199
490282 913132
1.29212e+06 120667
588299 821100
57079.5 1.3507e+06
852769 561495
1.16346e+06 253916
919576 527197
551514 861620
174415 1.26943e+06
1.38437e+06 32995.2
336196 1.03658e+06
823888 577653
181414 1.26333e+06
725227 691093
198036 1.22116e+06
205035 1.20547e+06
1.01605e+06 369037
881847 538713
558134 849533
1.24139e+06 217524
751824 667189
1.05623e+06 329249
617377 784456
1.35372e+06 54756.9
588282 830313
1.05623e+06 329249
1.10623e+06 303004
1.30633e+06 96138.6
257624 1.15283e+06
318286 1.05317e+06
270053 1.13502e+06
707907 749238
933477 499914
1.13438e+06 276698
1.24139e+06 217524
1.05623e+06 329249
1.30633e+06 96138.6
840213 575909
1.04599e+06 339690
617361 804058
1.29212e+06 120667
1.20929e+06 223246
1.30633e+06 96138.6
443839 1.02594e+06
214043 1.15482e+06
774297 621796
1.35076e+06 71682.1
662413 779938
1.04599e+06 339690
1.21586e+06 218827
1.13438e+06 276698
961677 495683
1.02209e+06 343096
558134 849533
89492.9 1.2978e+06
725227 691093
1.18986e+06 238023
32995.2 1.37758e+06
181414 1.26333e+06
490282 913132
982491 453719
708560 720239
1.05623e+06 329249
12282.4 1.41154e+06
81692.4 1.31011e+06
1.27138e+06 133683
1.38437e+06 32995.2
12135.3 1.41698e+06
807237 608815
871711 541998
570754 832865
119016 1.27828e+06
1.38437e+06 32995.2
36894.5 1.35273e+06
63610.8 1.32781e+06
1.14603e+06 264624
1.24139e+06 217524
503248 872789
1.05623e+06 329249
