704976
688351
688351
686678
686678
686678
686678
686678
674143
674143
674143
674143
674143
674143
672815
672815
672815
672815
672815
672815
664092
664092
664092
654075
649618
649618
649618
641625
641625
641625
641625
637746
637746
637746
637746
613147
613147
613147
613147
613147
613147
613147
613147
613147
613147
613147
613147
613147
613147
613147
613147
613147
613088
613088
613046
613046
613046
610946
610946
610946
607181
605178
601983
598362
598362
585277
585277
585277
585277
585277
585277
585277
585277
585277
585277
585277
585277
585277
585277
585277
585277
584258
584258
577893
577893
577893
577893
577893
577893
573915
568401
568401
568401
568401
568401
568401
568401
568401
563997
553052
