234466
234466
233757
233757
233757
232651
228983
228983
228983
228983
228983
226231
223075
223075
223075
222411
222411
222411
222411
222022
218777
218777
218777
218561
217459
215611
215611
213841
213841
213841
213841
213258
213258
212400
212400
212400
212400
212400
212400
211808
211808
211808
211808
211808
211808
211808
211808
211648
210607
209074
209074
209074
208369
208369
208369
208369
203713
203713
203243
203243
203243
203243
203243
203243
203243
202592
202592
202592
202592
202592
202592
202592
202592
202592
202592
202592
202592
202157
202157
199882
199754
198849
198849
198849
198849
198849
198849
198849
198849
198849
199804
199804
199306
198987
198987
198987
198987
198987
198987
198468
