112287
111018
111018
109637
109637
109637
103429
103429
103429
103429
103429
103429
103429
103429
103429
103429
101577
101577
101577
101577
101577
101577
101577
98988.1
98988.1
98988.1
98988.1
98988.1
98988.1
98988.1
97328.3
95243.8
95243.8
95243.8
95243.8
94768.6
94768.6
94768.6
94768.6
93044.4
93044.4
93044.4
93044.4
93044.4
93044.4
93044.4
93044.4
93044.4
93044.4
93044.4
93044.4
93044.4
93044.4
93044.4
93044.4
93044.4
93044.4
93044.4
93044.4
93044.4
93044.4
93044.4
93044.4
93044.4
93044.4
92729.5
92729.5
91999.6
91999.6
91999.6
91999.6
91999.6
91999.6
91999.6
91999.6
91999.6
91999.6
91999.6
91999.6
91999.6
91216.7
91216.7
91216.7
91216.7
91216.7
91216.7
91216.7
90809.8
89735.4
89280.4
88845.4
88845.4
88845.4
88845.4
88845.4
88845.4
88845.4
88845.4
88845.4
88845.4
