326011 5544.23
1944.73 279065
304315 11779.4
264948 12113.1
304315 11779.4
251998 16110.9
12010.4 247894
82808 203823
123913 158791
123913 158791
86396.3 196735
304315 11779.4
120330 161331
211682 49029.3
61779.8 223951
41128.3 245021
221199 40056.2
62906.5 204575
135146 136913
220504 46700.7
87855.7 196522
263709 14957
241834 19540.1
57911.6 232402
166414 106298
169775 103302
229684 35334.3
248488 16962.4
230959 34888
188812 87890.9
234087 28121.9
8522.5 258502
176497 97702.4
98538.1 181338
84711 200442
190041 87128.3
59374.7 229000
7427.33 269919
171433 100381
144081 125064
129464 143306
12010.4 247894
129464 143306
253222 15455.3
158713 108911
102116 179632
148466 119706
196105 72744.7
39751 247877
181365 92398.5
239420 25239.4
102467 163147
41117.5 247783
101720 180069
96103.3 185124
62365.3 223760
87855.7 196522
181659 90641.3
208571 49559.5
205737 54117.8
91482.7 192640
10897.1 254152
200827 71367.5
194934 72803.3
95297.2 185987
62365.3 223760
139256 129655
176428 99259.8
91552.8 188408
62365.3 223760
61779.8 223951
231818 32658.3
148648 118282
155115 113200
156993 113164
56276.4 238837
179470 94962.4
186774 89240.4
144132 123169
190227 78092.9
140267 126949
185941 90305.6
231818 32658.3
95297.2 185987
238943 25415.5
155115 113200
240148 20056.3
224880 37095
239695 21058.1
131057 138269
157442 112194
156993 113164
146372 122791
234087 28121.9
168653 104446
177539 97194.7
84711 200442
239420 25239.4
239420 25239.4
248814 16465
