718378
718378
718378
713905
712971
712971
710848
701086
710878
710195
708280
700505
698379
698379
698379
698379
689569
689569
683850
683850
683850
683850
683850
680387
675640
675640
675640
675640
675640
673259
673259
662885
658266
658266
658266
658266
658266
657713
657713
657713
657713
657713
657713
657713
657713
657713
657713
657713
657713
657713
657713
657713
657713
657713
657713
657713
657713
657713
657713
657713
657713
656377
656377
656377
656377
656377
656377
656377
656377
656377
656377
656377
656377
656197
656197
656197
655634
655634
655634
655634
655634
655424
655424
655424
655424
651478
651478
651478
648669
648669
648669
648669
648669
648669
648669
648669
648231
646716
646716
646716
