208023 4897.11
208023 4897.11
208023 4897.11
4052.01 198320
208023 4897.11
208023 4897.11
4052.01 198320
208023 4897.11
4052.01 198320
177476 28773.8
169866 40996.9
83099.4 128423
149820 55508.6
87898.3 121126
78267.1 128500
72664 133942
157700 41572.6
84109 125709
40713.8 174025
24733.9 179898
49432.8 151511
107170 95598.3
40713.8 174025
196157 6904.4
95151.5 114175
193641 7971.87
119037 87436.6
120085 83893.9
17360.2 184223
116231 94011.7
205637 5749.14
105326 106303
55733.2 147220
72664 133942
178141 26797.7
121516 83159.7
40713.8 174025
133124 67506.2
48834.9 152462
171571 32114.4
72664 133942
74819.5 132228
105326 106303
95151.5 114175
95151.5 114175
40903 171040
184493 17307.7
87898.3 121126
202415 6758.83
102262 108711
192605 8940.62
95151.5 114175
181282 20392.7
191612 9260.58
105326 106303
127227 77206.7
71838.3 134276
120085 83893.9
179851 21126.9
71838.3 134276
116978 89449.2
95151.5 114175
7971.87 192124
63345 141815
17360.2 184223
184348 18345
9260.58 189384
129734 74663.2
44579.9 165299
190480 9260.58
44530.4 167524
94879.9 117558
105326 106303
102262 108711
60354.1 142645
142034 60995.3
95151.5 114175
55733.2 147220
149820 55508.6
120085 83893.9
55780.1 146116
45405.6 163518
9260.58 189384
64570.3 138550
137288 66253.7
189192 9500.12
16880.5 185433
6644.64 192949
204681 6711.99
95151.5 114175
124156 78299.5
71571.3 134487
185966 14164
86989.5 124839
5180.59 194935
188180 11315
72664 133942
196031 7593.16
40713.8 174025
120085 83893.9
