758717 6759.62
6759.62 631744
586502 29281.6
528673 75239.9
326904 269495
609594 12366.6
614989 11669.4
466595 218680
190441 488712
634750 154833
608433 89807.9
24928.8 606344
27541.6 625506
440801 152019
34223.1 558603
602160 19211.2
232012 481299
483938 122162
398391 204090
564918 50211
504549 88665.8
115944 456026
557960 53283.9
364117 226882
44221.2 543901
52705.3 517550
329003 262337
418203 164587
291725 351588
108808 470454
19102 571011
218530 362148
57825.8 687457
448981 144383
243795 347920
457683 229744
483607 128168
367275 222097
71129.6 510780
292652 288428
619766 74448.9
368824 367628
495902 245117
308955 282029
194669 379166
233627 492034
539518 53284
391013 208927
307028 286703
181027 450862
290613 290849
331535 365534
38527 622242
268711 465915
180092 406431
388568 210978
402174 199964
406800 174398
445687 309423
484210 101719
169316 418583
75615.9 483484
103505 481479
212488 424812
104538 484210
11320.8 605147
461174 130156
134709 451917
182449 400610
487534 97395
524238 233345
138067 420827
64792.1 698144
29281.6 591193
74783 500473
213499 421078
382091 213696
358456 233216
177696 417509
343826 248833
336494 257710
214412 376668
136805 433635
241371 348198
167083 474052
249431 311089
399326 250848
331581 320943
213499 421078
336494 257710
49744.5 527486
8079.52 624330
12366.6 580433
57825.8 703428
432189 160960
394315 208089
329810 323035
429454 244900
336648 303339
506265 130211
