1.4924e+06
1.48286e+06
1.47073e+06
1.47073e+06
1.47073e+06
1.47073e+06
1.47073e+06
1.47073e+06
1.47025e+06
1.47025e+06
1.46598e+06
1.4574e+06
1.45611e+06
1.4483e+06
1.44684e+06
1.4206e+06
1.41634e+06
1.38273e+06
1.38273e+06
1.38273e+06
1.37339e+06
1.37339e+06
1.37339e+06
1.36045e+06
1.36045e+06
1.36045e+06
1.35426e+06
1.35426e+06
1.3457e+06
1.3457e+06
1.3457e+06
1.3457e+06
1.3457e+06
1.3457e+06
1.3457e+06
1.3457e+06
1.34376e+06
1.34045e+06
1.34045e+06
1.34045e+06
1.34045e+06
1.34045e+06
1.33976e+06
1.33976e+06
1.33976e+06
1.33976e+06
1.33976e+06
1.33976e+06
1.33807e+06
1.3336e+06
1.3336e+06
1.3336e+06
1.3336e+06
1.3336e+06
1.3336e+06
1.3336e+06
1.3336e+06
1.3336e+06
1.32256e+06
1.32256e+06
1.32256e+06
1.32256e+06
1.3187e+06
1.3187e+06
1.3187e+06
1.31337e+06
1.30647e+06
1.29604e+06
1.29604e+06
1.29604e+06
1.29604e+06
1.29604e+06
1.29604e+06
1.29604e+06
1.29604e+06
1.29604e+06
1.29604e+06
1.29604e+06
1.29604e+06
1.29604e+06
1.29339e+06
1.29339e+06
1.29339e+06
1.29339e+06
1.29339e+06
1.29339e+06
1.29339e+06
1.28983e+06
1.28983e+06
1.28983e+06
1.28983e+06
1.28983e+06
1.28983e+06
1.28354e+06
1.28354e+06
1.27855e+06
1.27855e+06
1.27855e+06
1.27855e+06
1.27855e+06
