1.44125e+06
1.44125e+06
1.44125e+06
1.44125e+06
1.44125e+06
1.44125e+06
1.44125e+06
1.44125e+06
1.44125e+06
1.44125e+06
1.44125e+06
1.44125e+06
1.44125e+06
1.44125e+06
1.44125e+06
1.44125e+06
1.44125e+06
1.44125e+06
1.43325e+06
1.43325e+06
1.43325e+06
1.43325e+06
1.43325e+06
1.43325e+06
1.42985e+06
1.41698e+06
1.41617e+06
1.41617e+06
1.41617e+06
1.41617e+06
1.41617e+06
1.41617e+06
1.41458e+06
1.41458e+06
1.41458e+06
1.41057e+06
1.41057e+06
1.40351e+06
1.40351e+06
1.40627e+06
1.3925e+06
1.38475e+06
1.38475e+06
1.38475e+06
1.38475e+06
1.38475e+06
1.38475e+06
1.38475e+06
1.38475e+06
1.38475e+06
1.38475e+06
1.38475e+06
1.38475e+06
1.38209e+06
1.38209e+06
1.38209e+06
1.37698e+06
1.37698e+06
1.37698e+06
1.37698e+06
1.37698e+06
1.37281e+06
1.37281e+06
1.37281e+06
1.37281e+06
1.37281e+06
1.36866e+06
1.36866e+06
1.36866e+06
1.36595e+06
1.36595e+06
1.36595e+06
1.36595e+06
1.36595e+06
1.36595e+06
1.36595e+06
1.36595e+06
1.36595e+06
1.36595e+06
1.36595e+06
1.36595e+06
1.34831e+06
1.34831e+06
1.34831e+06
1.34831e+06
1.34831e+06
1.34244e+06
1.34244e+06
1.34244e+06
1.34244e+06
1.34244e+06
1.34244e+06
1.34244e+06
1.34244e+06
1.34244e+06
1.33588e+06
1.33588e+06
1.33588e+06
1.33588e+06
1.33588e+06
