17894.8 692.359
72.9452 16748.4
14220.3 2656.38
12660.9 4055.4
4035.77 12195.3
13416.6 3865.36
11358.1 5496.16
15532.1 1780.66
11429.7 5126.13
9494.95 6798.76
15629.3 1224.58
16059.3 731.603
950.689 15647.6
13668.2 3450.01
3597.83 13152.2
8786.57 7700.21
5469.32 11253.7
4950.27 11613.7
8373.22 8379.09
12371.6 4518.22
10268.8 6796.72
8514.15 8127.21
12640.1 4169.49
4010.29 12541.6
14872.8 2036.65
14616.2 2512.74
7968.97 8653.66
11970.3 4670.82
1509.18 14792.1
4555.31 12156.2
10852.1 5875.07
6815.05 9704.82
5492.1 10808.1
7484.21 9104.72
5185.36 11570.5
10711.7 6021.04
3716.14 12674.5
132.728 16570.4
5940.16 10226.7
5889.5 10274.3
3425.77 13291.9
15845.5 819.368
13223.2 3969.2
2663.69 14229.3
6093.03 10121.7
12475.4 4293.1
4603.06 11960.7
2735.67 13694.4
10343.2 6487.13
3694.84 13021.8
347.095 15964.4
7737.09 8736.1
2519.77 14414.7
13564.3 3713.95
8924.53 7631.64
10545.5 6074.66
15974.4 819.367
2444.99 14415.8
6416.32 9725.27
2801.49 13379.2
8281 8579.73
12371.6 4518.22
8444.41 8352.86
785.779 15730.5
5284.63 11376.1
10291.6 6526.46
1267.22 15616.7
9100.69 7370.97
12371.6 4518.22
1870.46 14486
13025.7 4000.16
13709.5 3361.64
13924.3 2994.05
11407.4 5286.37
13675.7 3416.35
13216.7 3996.86
8248.87 8629.69
4608.03 11788.9
13783.9 3105.96
12486.7 4220.58
11368.1 5485.15
10812.4 6012.62
