1203.78 66.574
1203.78 66.574
1203.78 66.574
1203.78 66.574
1203.78 66.574
1203.78 66.574
1203.78 66.574
10.6301 1183.35
1203.78 66.574
1203.78 66.574
1203.78 66.574
1203.78 66.574
1203.78 66.574
1203.78 66.574
1203.78 66.574
1203.78 66.574
416.105 821.744
1132.01 77.1221
107.235 1111.27
547.74 661.814
818.477 385.27
876.666 311.435
147.328 993.073
275.724 916.678
251.243 952.769
386.136 838.41
482.959 714.322
943.861 209.649
372.964 860.626
34.7898 1122.44
547.351 683.75
450.668 784.544
1101.99 98.9918
530.962 705.494
589.589 629.095
586.249 631.879
897.023 270.076
857.567 349.577
529.518 710.88
678.52 510.541
1015.48 190.387
381.038 851.163
466.226 738.354
275.724 916.678
969.2 207.428
787.209 466.423
209.649 957.374
906.985 237.823
530.962 705.494
547.74 661.814
180.782 971.077
76.3836 1120.87
787.209 466.423
530.962 705.494
391.921 832.219
530.962 705.494
589.589 629.095
787.328 398.906
624.993 579.796
107.235 1111.27
466.226 738.354
391.921 832.219
1084.71 112.596
787.209 466.423
606.001 595.955
736.147 493.048
661.042 555.912
295.51 867.448
251.243 952.769
530.962 705.494
357.896 865.62
547.74 661.814
787.209 466.423
419.437 806.859
834.468 362.995
457.931 747.037
1119.23 97.8097
147.328 993.073
661.042 555.912
530.962 705.494
180.782 971.077
466.226 738.354
275.724 916.678
147.328 993.073
821.997 369.307
736.147 493.048
529.518 710.88
419.437 806.859
736.147 493.048
676.832 528.463
419.437 806.859
1024.93 147.522
1024.93 147.522
787.209 466.423
116.523 1049.67
787.209 466.423
1054.18 127.175
136.902 1003.18
1203.78 66.574
787.209 466.423
