186633 1731.42
1731.42 187133
78621.5 128310
61423 140942
90449.1 99907.5
149829 51871
133551 68813.6
141082 64227.3
145401 55816.5
121561 80883.1
79894.1 112215
70055.6 135759
44246.9 154678
130752 71571.5
28144 164582
164779 29779.2
132526 71213.4
100925 90992.3
28844.3 164303
90449.1 99907.5
76917.9 130590
85139.2 109539
73583.8 133678
170086 18334.6
151521 41199.4
103319 90620.8
155034 35730.6
141082 64227.3
52238.1 143292
176809 7700.4
165886 22714.6
124233 80760
124233 80760
117042 81327.7
97325.2 93145
3285.35 177153
68754.4 135810
12731.9 176602
94508.3 96285.2
25037 164885
164779 29779.2
128388 77047
104390 88516
168324 21591.1
74342.6 130942
176731 11584
33569.4 159914
168921 20372.6
104390 88516
109385 82598.5
74302.5 132677
13703 175093
82729.9 109912
117042 81327.7
125121 79292.3
156592 35250.4
20351.7 170358
107128 85434.2
33569.4 159914
25037 164885
171785 12936.9
61423 140942
20372.6 168295
133551 68813.6
16949.5 173367
109385 82598.5
81776.5 109971
28852.5 161587
168370 21591.1
158562 31939.4
146221 55405.9
80154.6 111931
20372.6 168295
151569 39297.2
94508.3 96285.2
109385 82598.5
154606 36507.7
94508.3 96285.2
74342.6 130942
107128 85434.2
126456 78270.1
158562 31939.4
13231.7 176214
124233 80760
74342.6 130942
168370 21591.1
109385 82598.5
168370 21591.1
145401 55816.5
164779 29779.2
168370 21591.1
168370 21591.1
124233 80760
