754788 16144.2
3868.06 639015
3868.06 639015
499987 208123
464705 216462
648148 20052.3
381524 297030
271470 390706
101669 545831
375298 301554
517521 155252
587435 67633.9
517521 155252
517521 155252
381524 297030
144763 527176
648148 20052.3
56679.4 587393
174689 502442
205547 465311
124045 541963
295330 361801
571500 83073.7
403200 267353
575674 71157.1
629248 20766.5
335975 326736
136183 534137
39483.4 607722
450865 217291
278134 374609
348670 321028
124045 541963
588594 52008.6
273052 388412
611827 43622.3
582303 67633.9
229784 441505
271206 400951
587435 67633.9
187241 475346
326732 342347
411159 247523
66359.5 573191
542356 108531
206081 458059
20766.5 624587
629248 20766.5
425074 240591
124045 541963
348670 321028
32059 622906
348670 321028
295330 361801
600329 49218.3
187241 475346
268827 406556
309577 348783
292903 367057
395841 271579
554086 95989.2
53616.1 598649
428355 234714
444022 227323
517521 155252
32059 622906
409845 264801
228869 441886
238427 428148
356485 307062
553302 96890.3
32059 622906
226482 447309
251303 406756
187241 475346
571468 84032.9
32059 622906
629248 20766.5
417909 246391
66359.5 573191
536106 117742
205252 475054
53169.1 599112
89987 568300
553302 96890.3
521403 121340
559634 86844.4
411159 247523
536106 117742
326937 335902
542044 115435
176031 482100
53169.1 599112
124045 541963
136183 534137
542356 108531
216114 450776
124045 541963
176031 482100
356485 307062
