107776
107776
107776
107776
107776
106901
106901
106104
104225
104225
99670.7
99670.7
99670.7
99670.7
98580.9
98580.9
98580.9
98580.9
96205
96205
96205
95064.7
95064.7
95064.7
95064.7
95064.7
95064.7
95064.7
93779.8
93779.8
93071.7
93071.7
92755.9
92755.9
92755.9
92755.9
92755.9
92755.9
92755.9
92755.9
92755.9
91369.9
91369.9
91369.9
90666.1
90666.1
90666.1
90666.1
90666.1
90666.1
90237.4
90237.4
90237.4
90237.4
90237.4
90039.8
90039.8
90039.8
89927.3
89927.3
89361.7
89361.7
89361.7
87583.3
87583.3
87583.3
87583.3
87583.3
87583.3
87583.3
87339.1
87339.1
87339.1
87339.1
87339.1
87339.1
87339.1
87339.1
87339.1
87339.1
87339.1
87339.1
87339.1
86739.1
86739.1
86739.1
86739.1
86739.1
86739.1
86739.1
86739.1
86739.1
86739.1
86739.1
86739.1
86739.1
86739.1
85828.5
85828.5
85828.5
