3950 401763
396613 12154.8
3950 401763
187133 233104
60740.9 359105
330796 99195.5
289404 132077
126623 295479
350656 58612.5
75882.3 347934
380465 17948.3
84339.1 301644
212948 202702
60740.9 359105
151645 263044
354179 52044.1
242307 175185
302338 117982
170109 250275
159091 259406
289946 125406
315684 101209
197846 216226
18069.6 368712
11960.8 401144
197846 216226
151645 263044
263305 149326
187133 233104
260735 154504
151645 263044
335621 86965.4
263305 149326
60740.9 359105
289375 135926
136625 274088
62070.4 349241
80031.7 333475
331216 95808.6
368249 34487.9
368249 34487.9
126623 295479
256662 161449
136625 274088
242307 175185
302338 117982
142375 266266
80031.7 333475
202680 206315
159091 259406
315624 106861
38575.2 365892
271602 148351
245156 170225
307465 107697
242307 175185
151645 263044
335621 86965.4
368249 34487.9
331216 95808.6
171210 239661
277697 144666
125592 296882
350634 63547.6
130252 276577
256662 161449
238144 178437
60740.9 359105
44362.6 360166
61170.9 350261
142375 266266
315624 106861
335621 86965.4
142375 266266
220476 182344
263305 149326
75882.3 347934
18069.6 368712
242307 175185
258189 158470
159091 259406
339075 69053.6
245156 170225
335621 86965.4
274464 145697
16595.8 377534
75882.3 347934
142375 266266
330247 100466
75882.3 347934
368060 45860.5
60740.9 359105
263305 149326
245156 170225
129109 280737
336468 69857
277697 144666
247351 164114
142375 266266
262886 149340
