264941 4031.4
4031.4 269543
3753.82 275066
79984 209774
227419 51825
74957.4 215143
36289.3 240877
68737.1 218004
32154.5 244307
189272 88528.8
124650 157905
244774 25249.2
222305 55907.2
76634.9 211598
86024 205112
119671 160364
31957.9 246193
170429 98395.1
74736.5 216597
231831 48264
88838.3 199991
115186 164059
49295.3 229632
202380 81294.5
185790 95080.3
49295.3 229632
52384.8 228661
46733.3 233818
92176.9 174297
56844.7 221105
189272 88528.8
141341 135346
220245 60313.6
119671 160364
146790 128383
128410 146262
119671 160364
163797 102922
153321 113911
188033 92276.2
9095.87 258886
149421 119793
113598 165097
246248 19755.1
139254 139921
251510 16749.6
125451 155655
226204 53663.5
14167.7 255787
149421 119793
87053.2 202247
159355 104743
27043.7 248076
222305 55907.2
113598 165097
255621 8536.82
213326 71237.8
46733.3 233818
54332.3 225028
241833 36896.2
99231.3 165718
95211.7 170051
264102 6593.71
90401.8 177651
215261 63181.1
254286 16436.8
60291.3 221046
217504 61295.5
149344 119904
40162.4 236952
235554 47323.9
143831 132970
32154.5 244307
74705.1 216929
84518.3 205628
118083 161402
14167.7 255787
155228 109988
242990 29548.6
25294.5 249200
149421 119793
16749.6 250142
134732 139923
213326 71237.8
88838.3 199991
217504 61295.5
84518.3 205628
199612 86910.2
235554 47323.9
46733.3 233818
63632.4 220307
46733.3 233818
112778 165395
4031.4 269543
189272 88528.8
6245.84 265256
210558 76853.5
206975 77045.7
236719 40772.5
167733 100676
