230418
229588
229588
227350
227350
227350
227350
227350
226957
224518
223232
223232
222229
221753
214651
213351
213351
213351
213351
213351
207210
207210
207210
207210
203045
203045
203045
200580
200580
200580
200580
200580
200580
200580
200580
200580
200580
200580
197454
197454
197454
197454
197454
197454
197454
197454
195827
195827
195827
195827
195827
195827
195827
195827
195827
195827
195827
195827
195827
195827
195827
195827
195827
195827
195827
195827
195827
195827
195827
195827
195827
195827
195827
195827
195827
195827
195827
195827
195827
195827
195827
195827
195827
195827
195827
195827
195827
195827
195827
195827
195827
195827
195827
195827
195827
195827
195827
195827
195827
195827
