1400 393896
1400 393896
390586 12900.8
96963 289586
265707 134579
279591 131027
190400 193323
85082.1 301570
4800 366652
303000 70148.6
27515.7 320765
292503 75704.4
248108 150927
212744 177276
274960 133218
256489 138094
287554 119955
68376.7 303062
157666 222304
250840 149339
200472 185515
124947 256470
171805 211225
348869 19119.7
43959.1 319659
43959.1 319659
224374 176224
182391 197103
125479 246606
139161 232024
125479 246606
16165.7 333931
254317 143862
280717 121307
117023 265733
312612 38754.6
221752 177189
279591 131027
280717 121307
348869 19119.7
105649 270067
224374 176224
182391 197103
16165.7 333931
334397 34675.1
279591 131027
279591 131027
124947 256470
287554 119955
200472 185515
256489 138094
303000 70148.6
348869 19119.7
132636 243440
348869 19119.7
226715 166281
200472 185515
208733 184919
91014.2 296688
190400 193323
235140 153739
287554 119955
125479 246606
212618 184136
289036 77800.3
287554 119955
16165.7 333931
274960 133218
348869 19119.7
54749.6 307433
181321 204717
153504 226750
250840 149339
254317 143862
19119.7 330593
292503 75704.4
254317 143862
289036 77800.3
229754 154297
212744 177276
65420.6 303777
125479 246606
200472 185515
19119.7 330593
142754 231063
138122 242598
254317 143862
254317 143862
292503 75704.4
250840 149339
124947 256470
254317 143862
256489 138094
254317 143862
274960 133218
19119.7 330593
19119.7 330593
224374 176224
224374 176224
124947 256470
