1.47026e+06 33830.3
7300.74 1.40972e+06
7300.74 1.40972e+06
7300.74 1.40972e+06
357004 1.0653e+06
202663 1.16698e+06
269853 1.09892e+06
1.30789e+06 58664.8
1.02981e+06 374580
1.21054e+06 154148
1.101e+06 271692
921099 454747
946650 436708
1.46339e+06 35503.8
547944 862029
45713.6 1.32109e+06
996207 389712
877308 543708
315972 1.08448e+06
543576 916069
564900 831816
829656 578824
1.19448e+06 175520
1.15332e+06 217279
148882 1.20561e+06
699504 695256
269529 1.11433e+06
785803 612867
1.2348e+06 146831
189201 1.18021e+06
543576 916069
79459.1 1.28401e+06
1.18063e+06 192963
769047 633163
406084 983472
32201.1 1.33636e+06
417538 961404
829656 578824
474754 930095
1.46339e+06 35503.8
850469 551390
797641 606933
757735 643544
393159 1.02179e+06
753921 656659
132834 1.22752e+06
1.34944e+06 37382
891666 527163
113787 1.24685e+06
1.05768e+06 324896
882284 534023
656374 772382
1.28989e+06 82739
58664.8 1.29622e+06
202663 1.16698e+06
1.14852e+06 218422
379067 1.03901e+06
1.28713e+06 84897.4
399474 1.00806e+06
1.12625e+06 228276
1.06083e+06 307770
913234 461264
738340 663879
1.27383e+06 93238.5
366939 1.0463e+06
946650 436708
727005 673435
166984 1.20237e+06
1.34944e+06 37382
1.25242e+06 107674
891909 504391
202663 1.16698e+06
829656 578824
1.33764e+06 45270.8
645039 778958
440569 960311
681068 716038
587135 798954
947956 435705
671982 721242
1.01847e+06 384035
1.11103e+06 242353
1.15533e+06 216707
11075.4 1.35381e+06
982009 408853
891666 527163
1.06083e+06 307770
184965 1.18265e+06
143388 1.21495e+06
94002.8 1.2725e+06
58664.8 1.29622e+06
662590 753245
812364 596242
1.34944e+06 37382
1.19079e+06 184664
366939 1.0463e+06
1.24988e+06 125487
32201.1 1.33636e+06
723160 679185
1.09956e+06 277272
