309490
306902
306902
306902
306066
299441
299441
299441
297949
297949
297949
296675
296675
296675
296675
295315
289266
289266
284317
282868
282868
282646
279649
279234
279234
279234
279234
279234
279234
279234
278591
275630
275602
275602
274910
274910
274910
274910
274910
274910
274183
272620
272620
272557
272620
272620
272620
272620
272620
272620
272620
271887
271887
271887
271887
271887
271887
270125
269065
269065
269065
269065
269065
269065
269065
268806
268806
268806
268806
268806
268114
268114
268114
268114
267373
265741
265741
265741
265741
265741
265741
264039
264039
264039
262779
262779
262779
262779
262484
262484
262484
262484
262484
262484
262484
262484
262484
262297
262297
262286
