42646.5 787.546
42646.5 787.546
42646.5 787.546
397.112 37339.1
42646.5 787.546
42508.2 1117.35
25079.3 12713.6
8924.27 28970
9131.12 28053
15321.2 20830.1
26574.3 10427.2
6744.55 29176
1637.31 34682.8
32169.4 4183.54
10260.6 26870.6
3448.95 32066
11850.2 24975.2
10254.7 26891.8
24945 13001.1
12993.1 23184.4
34426.6 1451.4
1637.31 34682.8
3432.01 32724.9
28566.6 7260.88
13338.7 22544.5
32555.3 3547.68
34106.2 1781.36
19838.5 16083.5
27954.1 8041.88
23882.1 13515.9
641.496 35028.3
25204.5 12605.5
11850.2 24975.2
18313.4 18223.2
11418.2 26245.1
18621.1 17772.5
27294.6 8839.95
25685.8 10540.1
23551.6 13943.3
31077.9 4536.65
5110.66 31334.2
12993.1 23184.4
6744.55 29176
30258.5 6193.22
11319.4 26332.2
7450.84 29121
15483.8 20802.4
30957.3 5538.29
603.405 37126.2
22094.8 14860.9
28268.6 7311.69
23396.4 14342.7
33592.2 2327.01
22240.4 14740.5
34387.6 1609.75
17172.7 19339.2
19278.7 16726.2
11418.2 26245.1
9165.45 27855.5
6744.55 29176
16747.2 19611.4
16075.5 20047.7
11418.2 26245.1
6463.34 29506.4
18313.4 18223.2
17172.7 19339.2
33205.9 2373.74
28145.6 7640.16
12441.5 23964.4
641.496 35028.3
3718.32 31728.6
22389.4 14545.6
32169.4 4183.54
11657.3 25980.8
18650 17667.9
30622.6 5791.59
29726.1 6475.18
29047 6739.38
23583.8 13726
11850.2 24975.2
27619.4 8682.28
33115.8 2439.85
33067 3331.01
19812.2 16699.2
26574.3 10427.2
18798 17099.3
11418.2 26245.1
840.727 34790.8
1806.43 32975.2
19838.5 16083.5
6258.11 29663.9
6463.34 29506.4
6139.59 29722.5
18092.1 18510.7
6463.34 29506.4
3718.32 31728.6
11850.2 24975.2
12441.5 23964.4
10796.6 26435.9
16075.5 20047.7
