1.14703e+06 23672.2
7551.09 1.0266e+06
907577 114396
331635 668143
561235 435510
252579 692221
235862 740199
270947 687603
90196.1 843493
372699 612343
177586 802329
880043 132802
676986 259140
454025 482308
13069.4 964360
220071 749758
9464.57 997746
372699 612343
593512 321428
887230 115207
589827 400729
270947 687603
803964 164838
70705.9 957716
187826 796977
736021 208770
538010 446702
764094 199032
627205 290600
675832 261487
368152 631288
586586 404872
430118 539125
213609 757750
645773 264497
90196.1 843493
180657 801428
442682 515724
736021 208770
425777 542614
867778 141642
372699 612343
509012 461879
508300 463851
488219 468254
711709 241468
767466 195949
880043 132802
627205 290600
575474 421023
589827 400729
520790 454044
430118 539125
695202 247585
453739 492808
216123 751987
627205 290600
378374 554080
520343 458724
214193 756481
788904 176179
867822 141375
836843 161176
779489 183557
716492 223280
627205 290600
589827 400729
331635 668143
623163 299037
355364 643251
220071 749758
779489 183557
676986 259140
676986 259140
586586 404872
586466 414259
520790 454044
220071 749758
845393 152341
187826 796977
430440 538934
714731 233915
676986 259140
644037 280523
608825 304866
438208 534847
611554 302187
220071 749758
430118 539125
442682 515724
608825 304866
557793 438618
575474 421023
331635 668143
791743 174868
440296 523462
372069 612872
520790 454044
520790 454044
520790 454044
