1.53635e+06
1.53635e+06
1.53635e+06
1.53615e+06
1.52408e+06
1.51078e+06
1.51078e+06
1.48323e+06
1.48323e+06
1.48323e+06
1.48323e+06
1.48323e+06
1.48323e+06
1.47342e+06
1.46953e+06
1.46953e+06
1.46953e+06
1.46953e+06
1.46953e+06
1.46869e+06
1.45366e+06
1.45366e+06
1.43882e+06
1.43882e+06
1.4266e+06
1.4266e+06
1.4266e+06
1.42261e+06
1.42261e+06
1.42043e+06
1.42043e+06
1.42043e+06
1.41872e+06
1.41872e+06
1.4157e+06
1.40396e+06
1.40396e+06
1.39958e+06
1.39958e+06
1.39958e+06
1.39487e+06
1.39487e+06
1.389e+06
1.389e+06
1.389e+06
1.389e+06
1.38088e+06
1.37895e+06
1.37743e+06
1.37185e+06
1.37185e+06
1.37185e+06
1.37185e+06
1.37126e+06
1.36521e+06
1.36489e+06
1.36489e+06
1.36489e+06
1.36489e+06
1.36489e+06
1.36489e+06
1.36489e+06
1.36489e+06
1.36489e+06
1.36294e+06
1.36294e+06
1.36294e+06
1.36294e+06
1.36212e+06
1.36212e+06
1.36049e+06
1.35817e+06
1.35817e+06
1.35766e+06
1.35766e+06
1.35377e+06
1.35377e+06
1.35377e+06
1.35232e+06
1.34961e+06
1.34923e+06
1.34923e+06
1.3394e+06
1.3394e+06
1.3394e+06
1.3355e+06
1.3355e+06
1.33168e+06
1.33168e+06
1.33168e+06
1.33181e+06
1.32922e+06
1.32835e+06
1.31531e+06
1.31531e+06
1.31531e+06
1.31531e+06
1.31531e+06
1.31531e+06
1.31531e+06
