1.59059e+06
1.55555e+06
1.55555e+06
1.55555e+06
1.55555e+06
1.55555e+06
1.55555e+06
1.5478e+06
1.5478e+06
1.5478e+06
1.5478e+06
1.5478e+06
1.53787e+06
1.53787e+06
1.53787e+06
1.52383e+06
1.52383e+06
1.52014e+06
1.52014e+06
1.52014e+06
1.50243e+06
1.50243e+06
1.49348e+06
1.49348e+06
1.49348e+06
1.49348e+06
1.49348e+06
1.49348e+06
1.4751e+06
1.4751e+06
1.472e+06
1.472e+06
1.4709e+06
1.4709e+06
1.46722e+06
1.46722e+06
1.46722e+06
1.46652e+06
1.46652e+06
1.46652e+06
1.46108e+06
1.45796e+06
1.45796e+06
1.45796e+06
1.45796e+06
1.45796e+06
1.45796e+06
1.45796e+06
1.45796e+06
1.45796e+06
1.45796e+06
1.45796e+06
1.45796e+06
1.45754e+06
1.45636e+06
1.45636e+06
1.45636e+06
1.45636e+06
1.45636e+06
1.44863e+06
1.44863e+06
1.44863e+06
1.44849e+06
1.44849e+06
1.44849e+06
1.44849e+06
1.44849e+06
1.44194e+06
1.44194e+06
1.44194e+06
1.44194e+06
1.44194e+06
1.43913e+06
1.43913e+06
1.43913e+06
1.43913e+06
1.4383e+06
1.4383e+06
1.4383e+06
1.4383e+06
1.4383e+06
1.43246e+06
1.43246e+06
1.43246e+06
1.43246e+06
1.43246e+06
1.43246e+06
1.43246e+06
1.43246e+06
1.43246e+06
1.43246e+06
1.43246e+06
1.43246e+06
1.43246e+06
1.43246e+06
1.43246e+06
1.43246e+06
1.43246e+06
1.43246e+06
1.43246e+06
