497860
497860
497860
491606
491606
491544
491544
491544
479678
479678
479678
479294
479294
479294
479294
479294
475631
463998
463998
463998
463998
463998
463998
463998
453590
453590
453590
453590
453590
453590
453590
444683
444683
444683
444683
444683
444683
444683
438132
438132
438132
430741
430741
425850
425850
425850
425850
425850
425850
425850
425850
425850
425850
419491
419491
419491
419491
419491
419491
419491
419491
419491
419491
419491
412228
412228
412228
412228
407724
407724
407724
407724
407724
407724
407724
405674
405674
405674
405674
405674
405674
405674
405674
405674
405674
405674
405674
403235
403235
403235
403235
403235
402699
402699
402699
399540
399540
399540
399540
399540
