695012
695012
695012
680680
680680
680680
680680
680680
680680
680680
674351
674351
670025
670025
657360
657360
657360
657360
657360
657360
657360
657360
644667
644667
644667
644667
641108
639162
639162
637171
637171
637171
637171
635388
634886
634886
634886
634886
634886
631520
631520
631520
631520
631520
631520
631520
629697
629697
629697
629697
629697
629697
627742
627734
627734
627734
627734
623721
623721
623721
623721
623721
620375
620375
618513
618513
618513
618513
618513
618513
618513
618513
618513
618513
618513
618513
618513
618513
618513
618100
612986
612986
612986
612986
612986
612986
607926
607926
607926
607926
607926
607926
607926
607926
607926
601355
601355
601355
601355
601355
