2509.35 314802
270176 4801.25
2509.35 314802
140680 135120
159244 112119
201425 81189.1
4158.43 279665
196465 84509.2
176357 91572.1
147400 124594
82771.9 183870
225446 41893.2
4158.43 279665
4344.63 268851
150318 124301
236212 30350.1
202125 79485.1
196802 82866.6
76995.9 189780
90380 175308
25917 240113
168787 95007.8
64457 208264
204545 74482.8
185012 84619.5
83644.2 182767
212361 59802.8
93929 172019
225446 41893.2
69796.2 207061
41994.5 219524
255533 12370.5
140425 135355
140680 135120
231229 39215.4
31421.3 229665
208127 71228.5
5996.68 258445
203314 77958.8
87392.7 178385
8920.46 255960
208350 71172.8
179323 88794.8
184565 88204.8
196802 82866.6
95368.6 167587
258774 6233.79
155466 115163
111476 158564
210412 69282.6
87392.7 178385
201760 79836.1
111476 158564
208350 71172.8
95980.9 167439
258774 6233.79
142444 127087
26485.7 240112
246112 16620.9
163688 100817
176357 91572.1
4344.63 268851
107647 166014
84875.7 181581
238918 26430.8
69796.2 207061
216814 45039.9
216814 45039.9
84875.7 181581
246112 16620.9
184565 88204.8
30248.9 239773
215625 45737.7
176357 91572.1
17934.7 247350
12468 250012
111476 158564
169762 94715.9
215016 46147.1
21663.9 243863
163539 101429
208350 71172.8
216814 45039.9
22701.6 242817
30248.9 239773
163688 100817
4158.43 279665
69796.2 207061
111476 158564
70397.4 192245
78141.1 184346
5996.68 258445
30248.9 239773
3975.34 297845
3975.34 297845
37460.6 226789
164760 100072
196465 84509.2
216814 45039.9
39458.6 220674
