1.55424e+06
1.55424e+06
1.55424e+06
1.55078e+06
1.55078e+06
1.55078e+06
1.50182e+06
1.50182e+06
1.50182e+06
1.50182e+06
1.50182e+06
1.50182e+06
1.49816e+06
1.49335e+06
1.49335e+06
1.49335e+06
1.49335e+06
1.49335e+06
1.49237e+06
1.49237e+06
1.46893e+06
1.46893e+06
1.46893e+06
1.46775e+06
1.46775e+06
1.46613e+06
1.46613e+06
1.46613e+06
1.42699e+06
1.42699e+06
1.42699e+06
1.42699e+06
1.42699e+06
1.42699e+06
1.42699e+06
1.42699e+06
1.41184e+06
1.41184e+06
1.41184e+06
1.41184e+06
1.41184e+06
1.41184e+06
1.41184e+06
1.41184e+06
1.41184e+06
1.41184e+06
1.41184e+06
1.40792e+06
1.40272e+06
1.40272e+06
1.40272e+06
1.39018e+06
1.39018e+06
1.3826e+06
1.3826e+06
1.36954e+06
1.36954e+06
1.36539e+06
1.36539e+06
1.3652e+06
1.3652e+06
1.3652e+06
1.3652e+06
1.3652e+06
1.3652e+06
1.34354e+06
1.34354e+06
1.31912e+06
1.31912e+06
1.31912e+06
1.31912e+06
1.31912e+06
1.31912e+06
1.31912e+06
1.31912e+06
1.31912e+06
1.31912e+06
1.31912e+06
1.31912e+06
1.31912e+06
1.31912e+06
1.31912e+06
1.31877e+06
1.31877e+06
1.29519e+06
1.29519e+06
1.29519e+06
1.29519e+06
1.29519e+06
1.29519e+06
1.29519e+06
1.29519e+06
1.29519e+06
1.29519e+06
1.29519e+06
1.29519e+06
1.28878e+06
1.28172e+06
1.28172e+06
1.28172e+06
