1.39645e+06 25870.6
15170.8 1.28245e+06
640593 669418
420611 935465
1.36564e+06 34176
622279 696300
329572 982502
831964 504875
1.25625e+06 55800.9
40862.1 1.27346e+06
1.26694e+06 48512.3
824807 509129
948419 360349
97973.4 1.15735e+06
132479 1.1286e+06
905711 448221
1.14884e+06 136102
278026 1.04813e+06
1.365e+06 34626.5
522039 829998
823212 522112
466182 925326
1.26694e+06 48512.3
926409 424146
512177 887901
868782 496214
879367 464174
681021 602040
565923 720865
154634 1.1217e+06
305416 1.00991e+06
83429.4 1.20416e+06
1.33271e+06 42163.7
717565 562436
1.10005e+06 160995
1.18035e+06 112107
928329 414357
97973.4 1.15735e+06
1.02483e+06 274472
1.09712e+06 165203
823212 522112
181351 1.10479e+06
613559 705864
1.2236e+06 78729.7
706375 565540
208872 1.07556e+06
1.09544e+06 166267
466182 925326
1.13618e+06 141374
75260 1.21281e+06
868782 496214
522039 829998
658423 620292
285451 1.04512e+06
229794 1.06882e+06
1.26694e+06 48512.3
1.36564e+06 34176
683777 582776
1.07676e+06 204580
1.2104e+06 80677.1
1.2236e+06 78729.7
948419 360349
1.0797e+06 200629
336417 937702
965807 326907
1.2236e+06 78729.7
524977 822464
208872 1.07556e+06
1.00099e+06 295374
934051 401547
1.0404e+06 240356
948419 360349
1.03667e+06 241331
87403.7 1.17878e+06
746966 535073
286547 1.02719e+06
266582 1.06057e+06
1.2236e+06 78729.7
962578 351828
494438 889117
97973.4 1.15735e+06
522039 829998
524977 822464
1.06499e+06 233460
526008 746619
936988 377496
990666 299633
55800.9 1.23992e+06
536699 733017
1.26694e+06 48512.3
49314.5 1.24862e+06
305416 1.00991e+06
1.02827e+06 267830
1.20746e+06 84792.3
1.16477e+06 120071
1.08791e+06 195708
522039 829998
1.0797e+06 200629
1.26694e+06 48512.3
1.01624e+06 276856
