865702 26053.4
8117.8 877306
865702 26053.4
850315 31867.2
850315 31867.2
786684 33773.1
686383 126929
320289 487316
596815 209386
261946 577099
538127 273770
341478 458382
492568 348630
444345 363282
311725 496014
483231 352518
235453 598538
481425 362308
350368 432295
731654 68037.9
289833 517228
503950 309338
765665 52151.9
523480 295050
686383 126929
481425 362308
517987 299402
628178 163518
481425 362308
33773.1 771062
320289 487316
284411 521490
270485 536873
216733 603916
369319 423830
596815 209386
146638 680066
594942 211882
481425 362308
656990 142206
777339 37037
68037.9 725472
496957 310126
204663 607232
261946 577099
298397 501275
193251 615155
144349 693488
731654 68037.9
266604 540368
178323 640255
185841 633225
314866 491653
686383 126929
126941 705489
50501.5 750806
298397 501275
686383 126929
25605.3 777174
656990 142206
37037 758287
596815 209386
503950 309338
223878 600137
140200 699081
55013.6 743795
178323 640255
251741 586917
369319 423830
37037 758287
559767 262963
760225 55013.6
761316 55013.6
136827 699168
16538.2 798994
167198 656385
192737 627217
185841 633225
158478 668834
292974 513447
575240 245321
404847 367047
37037 758287
696200 102505
714416 83903.3
382955 388325
382911 406070
261946 577099
444345 363282
686383 126929
158478 668834
37037 758287
656990 142206
192737 627217
314866 491653
292974 513447
760225 55013.6
686383 126929
