8810.36 398903
393450 11712.3
8810.36 398903
164861 237767
224791 176648
298832 97056.4
64105.8 317085
138530 246348
241640 163525
82434.7 288739
203504 197064
348951 34569.4
50605.3 347993
382162 21337.2
11712.3 377409
241640 163525
111519 255388
74259.9 308492
163525 244513
313841 78532.8
296360 97097.8
330349 51634.1
278618 114220
322616 61027.6
244200 142002
233779 173001
203504 197064
332031 44631
8832.64 392943
332031 44631
197818 197228
301766 87360.2
113492 251642
250048 116566
11411.2 385690
60150.6 331217
163525 244513
244200 142002
247165 121715
209636 187927
11712.3 377409
296360 97097.8
74259.9 308492
187662 208313
204140 191740
128283 250555
279830 109753
50605.3 347993
104398 268639
204140 191740
91302.9 285361
216859 187544
187662 208313
28617.2 355997
204140 191740
50605.3 347993
93285.5 279845
250048 116566
241640 163525
348951 34569.4
61041.8 324305
96758.1 271978
320934 66961.6
325977 60461.6
171282 214955
187662 208313
78962.1 293847
170225 229490
108199 261564
181340 213600
61695.2 323817
181809 211787
8832.64 392943
50605.3 347993
188435 201813
313792 86317.4
11411.2 385690
279830 109753
244200 142002
51541.2 332333
332031 44631
11712.3 377409
106047 267342
204140 191740
187662 208313
75016.1 300818
330532 51585
87992.6 286747
102574 271628
102574 271628
170225 229490
34569.4 348728
61041.8 324305
8832.64 392943
330532 51585
320934 66961.6
233779 173001
332031 44631
248791 116641
107423 262051
