655061 9473
3217.76 704505
655061 9473
655061 9473
217761 443491
217761 443491
318652 339614
201567 484299
117291 565857
438334 248084
517823 152285
440920 246732
324025 334280
280757 384827
336855 325545
572092 135222
68733.3 617429
282964 383659
409081 255877
376834 288021
635867 19766.9
344721 316152
333646 327535
644996 12819.1
117291 565857
4263.47 666812
107757 576671
215713 447150
308805 347392
79088.4 602884
214252 457555
5532.96 657712
602847 87926.5
372861 294487
592601 90135.5
514115 167695
164019 509117
30571.1 625163
572092 135222
602847 87926.5
576512 106009
629112 22366.5
87926.5 597780
514115 167695
180123 495215
117291 565857
269608 397417
248250 421797
492758 180253
171386 500427
313849 345345
243105 423952
576512 106009
602847 87926.5
575232 107646
618098 28618.8
215713 447150
302324 352940
79088.4 602884
337300 325304
460207 207091
495144 172790
141189 528900
29773.6 628942
275081 391492
478011 183268
76751.1 606421
11191.6 641891
19396.1 630814
432728 250338
361210 304202
234444 433817
551217 150564
251881 414602
205320 480244
454851 215400
401886 260980
351600 311094
232375 434628
291238 372433
443056 231856
361484 296891
472123 191805
580578 98138.7
611458 87926.5
491308 181189
622906 25324.6
117291 565857
141189 528900
298426 362529
107757 576671
11517.5 635622
19396.1 630814
132061 540613
90135.5 589298
97689.2 576885
386352 276872
181944 488367
401886 260980
210513 473546
