952444
952444
941341
937499
927381
927381
927381
927381
927381
907949
907949
907949
907949
907949
907949
886505
867130
867130
867130
867130
867130
867130
867130
867130
867130
867130
867130
861746
858903
851425
851425
848457
848457
838791
838791
838791
838791
838791
838791
838791
838791
838791
838791
838791
838791
838791
838791
838791
834228
834228
834228
834228
834228
831939
829790
822791
822791
822791
822791
822791
822791
822791
822791
822791
822791
822791
822791
822791
822791
817388
817388
817388
817388
817388
817388
817388
817388
817388
817388
817388
817388
808201
808201
808201
803387
803387
803387
803387
803387
803387
803387
803387
803387
803387
803387
803387
803387
803387
803387
803387
