21477.1 2377.55
425.559 19798.9
19811.4 2597.2
3576.8 15183.4
17132.8 3592.84
7801.56 11926.5
2642.55 16902.9
5239.54 13424
8677.43 10765.2
2715.15 16144.9
1411.47 18865.7
12733.1 7314.99
11548.3 7425.63
4199.59 14744.9
4726.14 13920.3
7801.56 11926.5
10725.1 8213.12
12733.1 7314.99
7121.32 12199.8
4513.31 14121.8
11285.4 7826.53
17947.6 3044.63
13969.8 5810.98
20695.5 2390.31
13555.9 5914.09
9503.46 9682.85
7696.32 12023.7
17947.6 3044.63
1539.35 18601.7
14278.5 5723.26
14278.5 5723.26
19018.2 2648.26
6429.14 12826.2
18713.8 2751.37
1194.51 19343.7
9039.43 10371.3
7801.56 11926.5
16579.9 3732.19
7121.32 12199.8
13969.8 5810.98
17947.6 3044.63
10791.9 8062.25
16780.8 3695.5
15877.5 4196.75
4199.59 14744.9
17224.9 3394.78
17224.9 3394.78
2198.75 18005.2
4164.53 15040.2
4164.53 15040.2
14335.9 5546.8
17224.9 3394.78
15470.7 4454.24
1788.18 18265.5
1539.35 18601.7
13555.9 5914.09
17861 3287.44
16263.8 3942.6
8954.36 10431.2
16444.2 3789.86
7643.6 12095.3
15732.8 4197.3
4445.49 14140.4
17689.2 3293.93
10994.8 8032.3
10335.9 8798.1
13876.8 5842.71
4550.13 13992.5
19018.2 2648.26
10077.2 9446.95
11327.9 7586.56
19018.2 2648.26
18656.4 2944.49
12755.2 6748.14
10659.9 8379.77
14389.5 5423.06
14818.9 4690.83
7121.32 12199.8
2098.24 18034.3
16052.4 4026.38
11548.3 7425.63
3576.8 15183.4
13969.8 5810.98
14888.2 4597.97
5202.72 13689.6
15158.8 4514.92
4164.53 15040.2
19018.2 2648.26
19018.2 2648.26
13154.1 6066.8
9171.08 9923.21
10343 8658.35
18713.8 2751.37
6660.21 12547.9
9235.27 9813.93
13003.7 6503.75
19018.2 2648.26
19018.2 2648.26
10395.7 8506.49
13195.3 5953.91
