1.59038e+06
1.58982e+06
1.58192e+06
1.57864e+06
1.57141e+06
1.57099e+06
1.55413e+06
1.55413e+06
1.54645e+06
1.54439e+06
1.54398e+06
1.53391e+06
1.52748e+06
1.50635e+06
1.50583e+06
1.50139e+06
1.49999e+06
1.46703e+06
1.46703e+06
1.46703e+06
1.46703e+06
1.46703e+06
1.45995e+06
1.45995e+06
1.45383e+06
1.45383e+06
1.45383e+06
1.45383e+06
1.45119e+06
1.44271e+06
1.44271e+06
1.42053e+06
1.42053e+06
1.42053e+06
1.42053e+06
1.42053e+06
1.42053e+06
1.42053e+06
1.42053e+06
1.42053e+06
1.42053e+06
1.42053e+06
1.42053e+06
1.42053e+06
1.41337e+06
1.41337e+06
1.41337e+06
1.41337e+06
1.41115e+06
1.41115e+06
1.41115e+06
1.41115e+06
1.41115e+06
1.41115e+06
1.40752e+06
1.40752e+06
1.40752e+06
1.40752e+06
1.40752e+06
1.40752e+06
1.40247e+06
1.40247e+06
1.40247e+06
1.38509e+06
1.38509e+06
1.38509e+06
1.38509e+06
1.38509e+06
1.38509e+06
1.38509e+06
1.38509e+06
1.38509e+06
1.38509e+06
1.38509e+06
1.38509e+06
1.38509e+06
1.38509e+06
1.38509e+06
1.38509e+06
1.38509e+06
1.38509e+06
1.38509e+06
1.38509e+06
1.38509e+06
1.38509e+06
1.38509e+06
1.38509e+06
1.38509e+06
1.37303e+06
1.37303e+06
1.37303e+06
1.37303e+06
1.37303e+06
1.36519e+06
1.36519e+06
1.36519e+06
1.36519e+06
1.36519e+06
1.36519e+06
1.36519e+06
