507501
499953
499953
495031
491118
486971
480268
477872
458376
458376
458376
458376
458376
458376
448008
446600
446600
446600
446600
437181
437181
434125
430184
430184
430184
430184
424263
424263
424263
418790
418790
417667
417667
409468
409468
409468
399266
399266
399266
396212
396212
396212
396212
396212
396212
396212
391804
391804
391804
391804
391804
391804
391804
391804
391804
391804
391804
388729
388729
388729
388729
388729
388729
388729
387885
382668
382668
382668
382668
382668
382668
382668
382668
376044
376044
376044
376044
376044
376044
376044
366460
366460
366460
366460
366460
366460
366460
366460
366460
366460
366460
366460
365135
365135
365135
365135
365135
365135
365135
365135
