4308.78 660690
628097 17909
628097 17909
4308.78 660690
628097 17909
4308.78 660690
265526 392476
241137 406532
384626 269742
452854 225531
142573 541650
431317 243123
80808.1 567833
326271 305338
489307 175026
617073 25726.5
234877 410876
85497.1 566175
374317 273727
562998 92873.8
159988 505835
574187 71062.5
156750 525214
365493 279387
444173 232434
543180 107908
603865 49683.2
211049 473718
470871 175084
570884 89822.7
266128 380887
586228 49725.6
452854 225531
550239 104857
225311 432359
402145 243371
559833 101032
326015 311381
282277 354285
550239 104857
216738 460271
213021 462588
128995 548844
350932 290460
518192 139391
188382 481058
384626 269742
17909 623423
522140 131345
604520 32992.7
431317 243123
115614 561901
219905 439467
604265 39035.8
26932.6 616317
295265 341321
491062 143182
533774 114953
330963 302864
270929 366381
115614 561901
295265 341321
60078 583101
69598.4 576883
38741.1 602871
211049 473718
559833 101032
321253 317150
435884 235330
356700 283700
341321 295991
115614 561901
232077 423049
572523 85079.1
314433 327429
38741.1 602871
452854 225531
57651.4 591060
235730 408535
352506 289834
60078 583101
318663 324956
551638 104084
356700 283700
297763 340774
32992.7 604654
570884 89822.7
539231 112301
621285 25657.8
25657.8 619927
356700 283700
312576 331643
625546 25453.3
38741.1 602871
129837 545660
330963 302864
374317 273727
356700 283700
570884 89822.7
356700 283700
