20869.4
20869.4
20689.1
20643.6
20643.6
20384
20384
20384
20384
20230.4
20230.4
20230.4
20230.4
20230.4
20230.4
20071.8
19668.7
19668.7
19668.7
19668.7
19668.7
19668.7
19668.7
19668.7
19668.7
19614.7
19587
19587
19572
19572
19448.9
19448.9
19360.3
19360.3
19335.4
19267.8
19267.8
19127.8
19127.8
19127.8
19127.8
19119.4
18892.4
18892.4
18874.1
18874.1
18874.1
18874.1
18874.1
18874.1
18874.1
18874.1
18843.3
18843.3
18843.3
18816.6
18816.6
18816.6
18816.6
18816.6
18816.6
18816.6
18816.6
18816.6
18816.6
18816.6
18816.6
18816.6
18816.6
18816.6
18816.6
18816.6
18741.4
18741.4
18741.4
18741.4
18741.4
18741.4
18741.4
18741.4
18741.4
18741.4
18740.4
18740.4
18740.4
18706.8
18706.8
18706.8
18706.8
18706.8
18563.5
18563.5
18563.5
18563.5
18563.5
18560.4
18560.4
18560.4
18164.9
18164.9
