204225 3725.28
219769 1240.42
1240.42 215012
1240.42 215012
191318 10288.1
192388 5037.19
19067 184098
82796.7 120637
84976.3 118934
103256 100370
86078.9 114759
93306.7 109040
74025.9 129801
182040 15588.4
157964 44464.7
148120 54445.1
29246.6 167752
153208 47033.2
137486 69544.7
53413.2 146467
61609 137135
177697 22725.2
74025.9 129801
102733 102975
48403.4 152994
48403.4 152994
55161.3 143107
162449 35686.5
90466.4 113155
5037.19 191421
72168.4 134676
81281 120640
20129.8 179810
152528 48114.5
176716 28679.9
81281 120640
117698 84291.7
138269 56425.8
104100 95965.5
3693.48 195249
123827 79306.7
187397 10395.7
36930.5 162089
23716.3 173032
175184 29918.7
164877 35091.3
93788 108076
65196.4 135659
74025.9 129801
109464 91175
29072.6 167839
186058 12021
135954 69914.7
98069.3 103948
75354.1 127510
141830 54829.3
124895 72670.5
10288.1 186950
96675.8 106587
122285 81513.5
34624.8 166528
176716 28679.9
160907 36320
52152.1 146524
23716.3 173032
152308 48922.5
141575 55531.3
157964 44464.7
114010 84564.4
180315 20619.9
78411.5 126881
93142.7 110152
113499 86443.1
157964 44464.7
43711.6 155123
40158.7 160699
191318 10288.1
104061 98839.4
105657 92786.8
9825.13 189913
162449 35686.5
118317 82627
187571 10309
118014 82892.7
185216 14066.8
166190 30511
29246.6 167752
165727 34190.1
12958.7 185892
158417 37990.7
119165 81686.6
148272 53055.6
166190 30511
43447.1 157657
110115 86847.8
78571.2 125284
123827 79306.7
79899.4 124154
157964 44464.7
157964 44464.7
