517266 14840.2
517266 14840.2
517266 14840.2
517266 14840.2
9084.74 344122
364672 29147.5
422897 17969.6
384266 20740.8
76643.7 263504
39390.8 306232
144566 221910
176331 195171
384266 20740.8
99003.2 250180
61215.7 283194
115062 230639
24099.6 331031
16778.1 338299
154392 214697
45795.5 301541
113469 239498
192316 179706
78745.6 257740
208747 138424
240290 113382
53909.2 291633
257674 90335.6
384266 20740.8
252349 91925.5
208727 150745
179888 185344
422897 17969.6
280229 78408.9
31929.8 319496
246657 103037
275126 81109.7
62228.2 282231
286346 77742.8
261062 83984.7
287186 48034.4
379200 23653.9
65596.9 278831
140823 229441
353124 30301.5
261062 83984.7
157907 202167
60847.5 288172
27387.8 326475
274978 82564.2
337834 45471.4
31180.2 319601
234733 115971
24099.6 331031
31929.8 319496
179283 193572
222643 136392
208747 138424
305916 48029.9
234713 116097
384266 20740.8
353124 30301.5
305916 48029.9
232741 118149
384266 20740.8
305916 48029.9
27387.8 326475
337834 45471.4
338870 36088
317412 46492.8
222643 136392
27387.8 326475
161815 195853
222643 136392
36555.6 316999
261062 83984.7
248629 100648
179888 185344
274978 82564.2
61215.7 283194
208747 138424
337834 45471.4
246723 102029
253312 90912.9
275126 81109.7
305916 48029.9
24608.2 329706
384266 20740.8
274978 82564.2
274978 82564.2
27387.8 326475
24099.6 331031
384266 20740.8
305916 48029.9
384266 20740.8
305916 48029.9
305916 48029.9
