20278.1
20278.1
20278.1
20278.1
20278.1
20278.1
20278.1
19918.3
19918.3
19918.3
19918.3
19795.5
19795.5
19795.5
19795.5
19795.5
19795.5
19795.5
19795.5
19795.5
19795.5
19795.5
19438.5
19438.5
19438.5
19438.5
19235.3
19235.3
19235.3
19235.3
19088.2
19088.2
19088.2
19088.2
19088.2
19088.2
19088.2
19088.2
18954.3
18691.6
18691.6
18691.6
18691.6
18691.6
18691.6
18691.6
18691.6
18691.6
18691.6
18691.6
18691.6
18691.6
18691.6
18691.6
18691.6
18691.6
18691.6
18691.6
18691.6
18691.6
18691.6
18620
18620
18620
18620
18620
18620
18620
18620
18620
18620
18620
18620
18620
18620
18620
18620
18620
18620
18620
18620
18620
18620
18620
18620
18620
18620
18620
18620
18620
18542.7
18542.7
18542.7
18542.7
18542.7
18542.7
18542.7
18542.7
18542.7
18542.7
