1.32832e+06 21884.8
7805.45 1.52275e+06
1.32832e+06 21884.8
780883 660960
543631 828862
602569 764591
1.15655e+06 204562
459087 893230
844305 510458
1.04943e+06 308231
800885 540331
419815 934084
1.17798e+06 179576
21320.4 1.36578e+06
615905 762286
1.10312e+06 276968
211591 1.13379e+06
971609 462162
758700 686686
176441 1.1722e+06
1.31401e+06 45768.5
744488 721543
956729 471772
483662 878659
1.2054e+06 148841
977229 362339
441324 914727
127981 1.22984e+06
193068 1.14277e+06
65056.7 1.25025e+06
740471 734824
250140 1.08167e+06
1.03408e+06 316474
939648 477221
303127 1.03627e+06
555611 827009
1.2741e+06 49163.3
301386 1.04829e+06
977775 360524
1.11175e+06 239033
971609 462162
275234 1.06026e+06
115631 1.24958e+06
887381 487097
1.1866e+06 178496
241550 1.09666e+06
768533 669884
315257 1.02378e+06
400929 953811
510703 829602
555611 827009
275234 1.06026e+06
293020 1.05239e+06
1.25269e+06 100717
1.16209e+06 188870
630469 737271
510703 829602
1.25517e+06 95336.1
441324 914727
822156 528494
984039 345182
1.1866e+06 178496
486067 850848
1.26136e+06 94047.9
1.01042e+06 333641
360998 980606
138370 1.21117e+06
21884.8 1.32383e+06
120278 1.2414e+06
236390 1.09843e+06
31048.4 1.31793e+06
328169 1.01607e+06
231442 1.1124e+06
236390 1.09843e+06
334929 1.00913e+06
49163.3 1.27183e+06
390269 973173
187908 1.15234e+06
171281 1.17901e+06
157918 1.17946e+06
881521 496837
995067 337877
390269 973173
1.32465e+06 31048.4
211591 1.13379e+06
35788.2 1.28703e+06
1.2656e+06 89339.3
510703 829602
881521 496837
21884.8 1.32383e+06
138370 1.21117e+06
1.2158e+06 107393
187908 1.15234e+06
1.10701e+06 242538
1.05753e+06 298513
270074 1.07375e+06
1.01042e+06 333641
352231 993488
152758 1.20268e+06
1.2656e+06 89339.3
