9370.87 630669
632226 20160.9
203766 447709
130515 512198
621812 22782.1
480919 151584
153832 483096
317712 352643
229109 424085
21252.7 613369
435683 207230
553266 81114.4
191373 453621
509073 129970
393383 256559
191373 453621
57915.3 565595
580310 58211.7
251498 394936
37825.6 583882
505270 136283
408450 246169
342379 296963
520294 108741
142591 501962
455311 182089
564469 71722.4
26195.2 602380
197091 451634
387514 258122
12060.6 618087
171270 468529
469679 162295
153832 483096
547498 85201.2
480792 156960
365989 282945
613397 36194.8
130515 512198
328683 307922
75098.1 557782
51378 570796
480919 151584
302959 374187
121492 513969
376557 264325
441237 196725
541536 95096.2
51378 570796
177003 456120
514091 118094
313111 356421
48478.4 577440
603911 39851.4
241521 400805
533384 101930
620203 31482.3
449725 192108
412137 241936
435683 207230
219083 429954
374298 276935
542849 91082.6
89904.7 541112
68560.7 558636
302959 374187
328683 307922
573990 67054.7
594333 45649.8
144373 496612
455311 182089
530811 105336
541536 95096.2
160765 475008
610402 38790.6
95147 534617
328683 307922
281180 384866
78663.9 547588
573990 67054.7
308878 363115
499456 143222
414319 237581
51378 570796
293411 380508
587042 52643.9
360120 290233
68560.7 558636
424085 229371
175220 462453
500727 139522
100776 517351
84288.1 545540
573990 67054.7
36347.4 595937
449725 192108
414319 237581
420120 236075
430494 217493
216357 432185
