1.00653e+06
993079
993079
993079
993079
993079
993079
993079
993079
993079
993079
986164
986164
986164
986164
986164
981190
981190
981190
976698
976698
976698
976698
973371
973371
973371
967501
967501
965692
958714
944145
944145
943017
943017
934978
934978
931410
931410
931410
931410
931410
931410
931410
929283
915096
915096
915096
915096
915096
915096
914434
914434
914434
914434
914434
914434
906746
906746
906746
906746
899521
899521
899521
899521
899521
899521
899521
899521
899521
899521
899521
899521
899521
899521
899521
899521
899521
899521
899521
899521
899521
899521
897872
889685
889685
889423
889423
889423
889423
889423
889423
889423
889423
886945
886945
885516
885516
885516
885516
877239
