1.4863e+06 68409.6
1.4863e+06 68409.6
15964.2 1.37065e+06
1.4863e+06 68409.6
1.4351e+06 84213.6
596201 824253
1.13133e+06 292066
1.37247e+06 136148
105958 1.29684e+06
487766 916212
1.08213e+06 310857
1.32053e+06 146512
1.07224e+06 333474
456996 926090
1.26871e+06 168410
890200 495364
1.04633e+06 335952
769545 604536
679959 695567
635488 757122
1.21826e+06 190959
1.19145e+06 219401
832922 524408
1.18729e+06 227048
27900 1.33823e+06
254897 1.11134e+06
1.32158e+06 139433
1.1802e+06 228974
134183 1.27328e+06
613157 779591
100347 1.30775e+06
1.13265e+06 248846
428134 960703
322543 1.0199e+06
189954 1.20786e+06
487766 916212
567056 859789
864649 497592
27900 1.33823e+06
134183 1.27328e+06
280879 1.06743e+06
134183 1.27328e+06
745617 622632
808559 558953
314387 1.06148e+06
900619 482022
387791 995497
270846 1.09848e+06
929110 454651
920667 469259
739900 647889
162894 1.24609e+06
955628 429588
280879 1.06743e+06
1.16158e+06 238123
326405 1.00948e+06
193692 1.18044e+06
812873 537493
518922 903166
971737 412394
609250 813634
981181 379442
662163 716312
945683 432247
661123 726632
1.01473e+06 345991
1.20687e+06 208709
705533 672839
1.13133e+06 292066
431956 943089
245890 1.13275e+06
1.00656e+06 364472
582139 831813
449821 935013
843811 507848
654853 730505
1.01152e+06 357434
402072 964326
134026 1.28073e+06
1.37495e+06 124975
1.40281e+06 101562
245890 1.13275e+06
553498 860474
971737 412394
1.01152e+06 357434
376873 1.00202e+06
314805 1.03999e+06
1.16158e+06 238123
1.13198e+06 283590
390398 981840
542555 875582
961614 413003
244263 1.14177e+06
279062 1.07952e+06
162894 1.24609e+06
727564 648991
864649 497592
168580 1.2131e+06
788511 571463
144990 1.25788e+06
