98468.7 1733.11
1774.58 83856.5
964.308 84034
40955.3 43751.8
83450.6 2937.01
85568.2 2403.43
22601 66582.9
40596.8 47615
68940.2 19285.5
72326.5 12265.4
6562.21 81073
46074.4 42734.3
51240.4 33850
38628.3 52470.2
30815.7 56980.5
54627.7 32165.1
38269.8 53288.7
71729.5 13745.4
14906.8 68216.3
56800.5 30206.3
71729.5 13745.4
58325 28887
30815.7 56980.5
77684 9897.84
80107.3 6000.39
58752.9 28796.8
77600.9 10305.3
66351 22809.3
79450.5 9364.49
25375.7 59622.3
53475.7 33670.6
46074.4 42734.3
64946 25720.5
24451.9 60301.8
80107.3 6000.39
62134.4 27021.5
24415.8 63108.3
76824.6 11888.4
70648.1 15209.7
24243.8 65972.2
79859 8743.45
38269.8 53288.7
7999.74 77786.8
65577.6 23751.5
14906.8 68216.3
65577.6 23751.5
4131.42 82865.2
79859 8743.45
72326.5 12265.4
79450.5 9364.49
69827.1 18644.8
56806.5 30156.2
79859 8743.45
64214.1 25950.7
57623.4 29134.5
80264.3 5415.14
46074.4 42734.3
58325 28887
72321.7 12578.5
56800.5 30206.3
55118.4 31748.9
38628.3 52470.2
58325 28887
8715.42 77678.8
58325 28887
24243.8 65972.2
56800.5 30206.3
24415.8 63108.3
56800.5 30206.3
46074.4 42734.3
51218.7 36409.1
38628.3 52470.2
71770.8 13372
58512.2 28876.1
69831.9 18380.4
56800.5 30206.3
56209.6 30555.7
58325 28887
46074.4 42734.3
46074.4 42734.3
56800.5 30206.3
45902.6 43040
54004.4 32222.7
5455.49 81345.9
79997.9 7782.81
24415.8 63108.3
58325 28887
58325 28887
25608.6 57008.7
58325 28887
53709.6 32509.9
51240.4 33850
78487.8 9455
70897.2 14236.8
61754.7 27411.1
58325 28887
46074.4 42734.3
72326.5 12265.4
70378.6 15220.5
5455.49 81345.9
