2055.48 723995
621586 27817.2
621586 27817.2
21401.3 671152
103805 566350
558103 117603
97280.2 568167
400177 267771
495453 160794
550820 122720
254915 400759
514181 156689
21401.3 671152
595746 60558.2
278141 377969
153285 503228
327438 354468
509936 159007
263489 392060
358549 303660
69371.3 602165
70456.6 596005
449211 206464
150351 505472
119050 547555
587777 65824
272729 383148
345524 333839
142843 511671
278141 377969
539780 130157
336839 339204
206188 460577
21401.3 671152
167804 481453
472207 179425
564074 94411.2
539780 130157
572494 88861.1
581772 70632.7
408900 248101
278141 377969
520063 142316
80438.7 589873
336124 351344
136318 512760
487834 166360
457937 200275
34591.2 612951
106788 550242
520063 142316
128314 519230
119050 547555
466872 191523
69371.3 602165
122281 531443
606466 42067.7
509936 159007
284599 375865
82332.7 583469
82332.7 583469
520063 142316
292198 367727
426174 236317
384921 272758
602361 47276.5
269969 386340
231885 418668
69371.3 602165
222610 421466
34591.2 612951
211080 433581
429226 228373
69371.3 602165
367660 301420
70456.6 596005
243259 415843
232580 416783
324532 356347
183523 479886
374800 278970
34591.2 612951
69371.3 602165
28340 619528
88856.5 578167
472452 171988
440276 213834
232580 416783
155183 496265
532637 136574
613523 32806.8
220385 432526
23914.6 624979
369671 290100
252825 403042
21401.3 671152
409803 239064
119050 547555
577765 80920
429226 228373
