39026.2 1081.26
360.573 35785.2
39026.2 1081.26
7979.22 29080.2
13597.9 22846.4
28277.4 9272.43
10073.6 25301.9
13597.9 22846.4
13597.9 22846.4
21494.9 14309.9
30841.1 5453.83
31484.6 4803.74
25145.9 11301.2
36412.8 2036.87
25283.3 10827.5
25424.1 10620.2
8553.73 27398.5
26919.3 9391.64
29221.3 6937.69
15440.9 20995.8
32282.1 2779.41
1282.18 34455.5
6006.98 29982.4
16274.1 19186.6
17816.7 18325.4
29744 5722.11
4587.67 30743.2
19934.5 15635.4
7443.45 29197.1
23329.7 12986.1
18200.2 17315.7
627.211 35381
19309.9 17044.4
15162.6 21050.8
19383.6 16063
2729.07 32946.1
5894.94 30220.4
5137.03 30724
28077.6 9322.18
3665.1 32156.9
8222.62 28010.6
29724.9 6271.47
8660.08 26272.5
25818 10294.2
19309.9 17044.4
13653.1 21812.5
5137.03 30724
19309.9 17044.4
23329.7 12986.1
8036.88 28546.7
1644.97 33181.8
29724.9 6271.47
30539.6 5466.3
8036.88 28546.7
31969.4 3102.92
7011.69 29426.7
18200.2 17315.7
18200.2 17315.7
5137.03 30724
20380 15144.1
11987 24480.8
627.211 35381
18200.2 17315.7
627.211 35381
20820.3 14652.2
25145.9 11301.2
14145 21514.4
6195.88 29809.2
28436.1 7366.72
9779.94 26255.2
26389.7 9670.48
9887.66 26145
29221.3 6937.69
14145 21514.4
4302.69 31825.4
14114.8 21580.5
20820.3 14652.2
15721.1 20236
11987 24480.8
11987 24480.8
26919.3 9391.64
2322.97 32965.1
8222.62 28010.6
14145 21514.4
20380 15144.1
37670.1 1747.35
26919.3 9391.64
15440.9 20995.8
28313.3 7929.56
26919.3 9391.64
38078.8 1370.78
1644.97 33181.8
1282.18 34455.5
18200.2 17315.7
4302.69 31825.4
31361.9 5425.07
15440.9 20995.8
5894.94 30220.4
29744 5722.11
19383.6 16063
