8563.52 1.51323e+06
1.44545e+06 71794.5
238142 1.22317e+06
911827 586898
957144 531215
1.07436e+06 396831
675383 827161
786942 722283
1.31243e+06 129508
222484 1.248e+06
484624 1.03515e+06
689998 790282
631149 860854
1.37902e+06 103581
843612 645952
198476 1.26392e+06
308021 1.1313e+06
418610 1.04211e+06
983461 486027
895420 598436
1.08665e+06 356592
669562 828000
1.33977e+06 129097
395402 1.08371e+06
863620 620719
115610 1.31685e+06
1.01404e+06 423570
518386 981148
742299 755785
1.19369e+06 277853
1.02537e+06 414163
154669 1.31672e+06
523181 946236
180811 1.27395e+06
562052 935282
54847.9 1.43756e+06
678814 823313
61008.3 1.38853e+06
1.06207e+06 398780
1.37902e+06 103581
392699 1.08729e+06
1.13597e+06 308385
571001 900587
1.16768e+06 281865
84999.4 1.35809e+06
938768 542590
1.26313e+06 214930
653317 841616
1.2513e+06 234925
1.22673e+06 244221
825966 657449
281246 1.16379e+06
1.35541e+06 109408
266227 1.17784e+06
975700 508207
736478 756880
484624 1.03515e+06
164843 1.29869e+06
484624 1.03515e+06
795102 693131
983461 486027
863620 620719
408337 1.0729e+06
1.20933e+06 263813
1.33977e+06 129097
978889 492771
927288 553288
1.26638e+06 175287
595998 870958
154669 1.31672e+06
1.16768e+06 281865
595116 875269
843612 645952
518386 981148
1.40276e+06 85466.3
408337 1.0729e+06
695031 760451
260521 1.19262e+06
1.10833e+06 329246
1.08665e+06 356592
244883 1.21279e+06
507395 1.00155e+06
84999.4 1.35809e+06
863620 620719
863620 620719
479491 1.03789e+06
97028.7 1.33848e+06
296883 1.13704e+06
61008.3 1.38853e+06
308021 1.1313e+06
411040 1.0584e+06
988107 454552
561820 941893
1.1665e+06 287296
1.01066e+06 441977
505654 1.00701e+06
1.28798e+06 169059
799756 686078
61008.3 1.38853e+06
1.10357e+06 350453
