107529
107246
107246
107168
107168
105567
105342
103391
103391
102523
101564
101564
101564
100541
100102
99896.9
99896.9
97255.5
96883.8
96883.8
96557.6
96557.6
94639.5
94639.5
94639.5
94639.5
94639.5
94552.9
94552.9
93408.5
93408.5
93408.5
93408.5
93408.5
93402.9
93402.9
92853.2
92853.2
92853.2
92383.6
92383.6
91096.3
91096.3
91096.3
91096.3
89541
89541
89541
89541
89400.3
89400.3
89400.3
89400.3
89400.3
89400.3
89400.3
89400.3
89400.3
89310
88978.3
88978.3
87935.7
87935.7
87935.7
87935.7
87935.7
87935.7
87935.7
87935.7
87935.7
87935.7
87935.7
87935.7
87935.7
87935.7
87935.7
87935.7
87935.7
87935.7
87935.7
87837.9
87837.9
87837.9
87837.9
87837.9
87837.9
87837.9
87837.9
87554.3
87535.8
85821.2
85821.2
85821.2
85821.2
85821.2
85821.2
85821.2
85821.2
85821.2
85821.2
