1404.54
1404.54
1396.4
1396.4
1335.08
1335.08
1335.08
1272.45
1272.45
1272.45
1272.45
1272.45
1272.45
1223.41
1223.41
1223.41
1223.41
1223.41
1223.41
1204.04
1204.04
1204.04
1204.04
1204.04
1204.04
1204.04
1204.04
1204.04
1204.04
1195.25
1192.1
1192.1
1192.1
1157.63
1157.63
1157.63
1157.63
1157.63
1151.22
1151.22
1151.22
1151.22
1151.22
1147.64
1147.64
1147.64
1147.64
1147.64
1147.64
1147.64
1138.41
1138.41
1138.41
1114.62
1114.62
1109.86
1070.12
1070.12
1070.12
1070.12
1070.12
1070.12
1070.12
1070.12
1070.12
1070.12
1070.12
1070.12
1065.79
1065.79
1065.79
1035.83
1035.83
1035.83
1035.83
1035.83
1035.83
1035.83
1025.36
1025.36
971.868
971.868
971.868
971.868
971.868
971.868
971.868
971.868
971.868
971.868
971.868
952.481
952.481
952.481
952.481
952.481
952.481
952.481
952.481
952.481
