936709 24398.6
936709 24398.6
6350 989309
6350 989309
546976 430757
755124 222004
352745 557705
376008 526546
675213 288372
765566 142786
609773 372289
624868 340604
362267 552184
312111 646227
401424 499502
585221 384648
914484 29658
589310 382114
639782 319100
120928 806895
255851 725062
31441.8 853869
657774 311718
848202 57121.2
149917 763612
138116 793420
298712 665461
172170 753928
97423.9 807043
172170 753928
914484 29658
6917.43 910861
24398.6 870451
690939 267119
465738 440368
6917.43 910861
799524 90271.2
657774 311718
585221 384648
408808 496048
793432 124639
70622.5 816471
52017.7 837023
422891 478050
828451 68607.9
697428 259089
172170 753928
312111 646227
245224 732942
312111 646227
6917.43 910861
6917.43 910861
57034.5 835169
793432 124639
450503 450194
814330 70622.5
465738 440368
138116 793420
6917.43 910861
863008 37887.2
450503 450194
863008 37887.2
828451 68607.9
734499 235191
715882 253655
436478 467181
799524 90271.2
24398.6 870451
880738 31441.8
312111 646227
721328 245037
721328 245037
880738 31441.8
418574 485994
721328 245037
291505 678504
434142 467695
880738 31441.8
312111 646227
734499 235191
24398.6 870451
880738 31441.8
465738 440368
734499 235191
734499 235191
854670 52017.7
312111 646227
312111 646227
24398.6 870451
734499 235191
854670 52017.7
854670 52017.7
854670 52017.7
734499 235191
312111 646227
854670 52017.7
854670 52017.7
312111 646227
312111 646227
465738 440368
