187999 3764.83
731.062 202206
731.062 202206
731.062 202206
731.062 202206
151290 35835.4
122124 75192.1
150242 60924.2
62924.5 134305
134731 69214
54355.9 142644
75998.8 121321
171513 19681.1
57562 135265
173862 15434.9
84604 95201.7
13554.5 172435
180458 6662.23
149791 62329.9
154742 29073.4
168636 21637.2
49371 153125
78636.6 118995
78636.6 118995
103185 88411
21237 159399
139243 64082
8538.29 174424
6593.37 179635
79260.9 109445
175566 12332
84196.7 102618
52717.2 142924
62924.5 134305
32339.6 157854
134731 69214
67425.8 127533
157881 24801.6
103185 88411
179636 9900.5
149791 62329.9
168636 21637.2
75998.8 121321
20209.2 161493
134731 69214
127215 70525.7
149791 62329.9
179636 9900.5
17118 165122
29392 158146
52717.2 142924
20073.7 164842
150509 60017.2
176023 11185.8
172884 15570.3
67425.8 127533
50675.9 143484
153765 34099.3
105867 85172.8
154742 29073.4
4102.89 183303
38160.8 154466
33165.2 155700
50675.9 143484
13554.5 172435
13554.5 172435
157424 25947.8
79260.9 109445
142383 62808.4
21237 159399
6773.75 178519
115924 75202
17118 165122
113458 79093.1
134731 69214
122739 71790.4
141925 63054.1
50675.9 143484
154742 29073.4
69940 126166
157424 25947.8
62924.5 134305
126958 70734.9
8538.29 174424
69940 126166
79260.9 109445
57046.5 140577
175566 12332
175566 12332
57046.5 140577
122739 71790.4
127215 70525.7
57046.5 140577
114890 75977.3
106324 84026.6
20507.4 161485
67425.8 127533
69940 126166
50675.9 143484
153765 34099.3
