905057 59380.6
905057 59380.6
905057 59380.6
909293 59275.8
1800 1.00294e+06
432507 520486
488189 491860
883738 75455.6
898602 59969.7
51774.9 908286
319309 587890
347709 541351
820336 129195
59969.7 898348
263691 653657
528637 360876
280916 631509
561363 336349
836027 94565
657304 279480
17450.9 951721
330478 559634
646097 280550
425702 525172
276413 649854
603956 322756
222395 712258
632954 312082
263691 653657
222395 712258
38217.4 922106
127430 805156
821272 100869
276413 649854
771493 151364
744445 203574
768713 153502
880096 77080.9
575430 331517
727483 208183
80769.2 857325
836027 94565
773169 148746
202029 715507
706016 248497
627134 316054
299510 613624
313086 602853
883628 76185.5
733903 205258
71232.3 886732
477166 492748
61777 897312
17857.7 932323
61777 897312
527598 363969
62806.3 896705
546523 343646
149775 759699
252074 654904
665875 254075
235662 685950
222395 712258
113655 810208
187419 757777
461413 506167
242714 678486
38217.4 922106
771493 151364
756360 157941
252074 654904
773169 148746
661022 277014
251658 664227
127430 805156
705350 250002
134106 788542
531566 358106
234850 694025
235648 686141
145019 774210
590139 326120
127430 805156
345790 544776
541703 345688
188128 733315
836027 94565
295100 626672
638392 310537
61777 897312
64165.5 893062
154085 758376
86926.2 824533
825674 100372
575176 332476
586315 330378
137854 776900
647648 280227
876268 79353.4
706016 248497
