47.634 21072.3
19167.9 133.457
13626.1 5983.42
9140.11 10486.6
15101.8 4153.23
3360.72 15490.7
15488.9 4122.96
11929.6 7898.28
594.698 18287.5
7210.33 12468.6
8590.43 11120.9
3071.35 15865.9
12601.5 6686.81
15621.6 3878.32
2869.76 16667.2
9769.6 9805.92
9842.96 9658.62
7132.15 12654
15713.5 3648.9
8664.36 10955.3
16833.2 2025.92
3996.38 15211.4
2955.95 16228.8
14106.1 4649.28
1242.19 17701
10883.3 8754.67
16791.5 2185.32
2497.75 16764.5
17486.2 1547.21
5237.17 13807.5
16374.6 2188.89
4920.87 14087.2
3071.35 15865.9
9433.15 10419.3
12921.4 5995.8
15101.8 4153.23
133.457 19069
1396.13 17345.3
9444.11 10030.7
1676.33 17185.4
10545.1 8895.45
2238.65 17117.4
1396.13 17345.3
5423.51 13588.3
8534.52 11123.8
9999.54 9154.28
17769.4 1176.41
4359.91 14405.9
5423.51 13588.3
4596.75 14364.6
18266.8 449.345
4920.87 14087.2
17909.8 841.327
178.668 18381.7
12551.2 6989.44
4920.87 14087.2
6254.33 12779.5
17061 1676.33
5910.57 13139.8
9999.54 9154.28
18019 742.44
3863.87 15401.6
12049.2 7484.25
10964.1 8628.32
742.44 18048.7
7383.68 11567.7
15743.1 2421.81
17506.1 1490.43
4168.85 14717.5
10003.3 9115.63
14053 4741.23
12837.7 6214.44
133.457 19069
3677.92 15406.5
16833.2 2025.92
8800.96 10651.5
12551.2 6989.44
18340.4 253.58
7422.33 11564
17058.1 1861.91
18081.9 560.835
18793 226.319
17278.1 1623.47
2238.65 17117.4
2869.76 16667.2
12718.6 6658.03
10993 8131.36
3360.72 15490.7
7733.36 11253.8
4100.81 14758.8
5237.17 13807.5
17538.1 1262.06
12722.4 6257.94
1069.15 18047
10437.5 9050.13
5637.06 13221.2
9999.54 9154.28
7532.85 11480.1
5493.15 13472.5
10866.6 8761.56
