732.364 216750
732.364 216750
232113 4562.08
207478 4950.49
200859 5259.45
4950.49 200936
31949.3 169424
88197.5 119019
113209 95198.8
207478 4950.49
116769 87492.3
160534 37974.4
191989 5272.77
105215 103905
158924 40419.6
45546.6 155669
36429.9 163315
39195.3 162728
23699.6 175570
130149 84488.9
156313 46915
115931 92751.8
101704 105751
169258 32310.5
207478 4950.49
84153.3 121012
94459.6 113397
174160 24055.1
5191.75 194492
130149 84488.9
130149 84488.9
70374.6 135298
100514 109203
9683.56 186464
157491 41657.8
100514 109203
156313 46915
153779 48972.6
153779 48972.6
176008 23966.8
190205 6138.14
21120.8 176684
156313 46915
54687 144272
182713 14811.1
93418.3 116990
153779 48972.6
187378 9683.56
112982 96313.9
57107.1 142052
4950.49 200936
732.364 216750
6138.14 191660
55682.4 144080
50089.5 146532
101010 109100
70374.6 135298
170340 27383.2
47704.4 150695
80912.3 124020
105472 99132.5
33475.9 166439
138256 59113.9
55682.4 144080
43873.3 159130
137343 61412.9
176751 17997.8
179189 17759.6
156313 46915
74477.3 130196
96259.7 109967
80912.3 124020
45821.2 151607
55682.4 144080
17707.1 180056
77573.4 128077
137343 61412.9
184366 14325.2
5191.75 194492
88197.5 119019
135558 82986.9
12000 185026
90854.3 118704
140258 55886.3
125189 87254.7
207478 4950.49
109389 97355.2
187378 9683.56
26396.7 172851
186045 12000
130149 84488.9
28303 172154
80302.6 124954
130149 84488.9
18744.3 179529
14811.1 181987
41205.9 160870
125189 87254.7
170340 27383.2
170340 27383.2
