329.039 28.807
1.41421 406.674
1.41421 406.674
353.152 22.6882
92.7875 274.823
3.23607 371.306
60.4099 308.544
318.874 58.741
320.077 53.5722
229.011 133.774
107.635 252.233
252.855 118.946
11.7994 357.614
320.077 53.5722
317.244 64.5629
112.337 248.594
187.842 168.981
279.061 84.9383
144.95 209.774
54.4099 311.333
220.171 142.287
85.7617 275.776
213.084 162.024
68.54 289.755
156.457 196.409
167.014 183.067
187.842 168.981
77.1246 284.107
92.7875 274.823
309.597 68.8506
275.061 87.181
309.025 69.1646
127.46 228.206
43.133 331.909
203.912 163.612
120.988 232.846
77.1246 284.107
114.515 241.442
193.842 168.981
283.755 74.5597
77.7974 280.407
92.7875 274.823
213.263 147.61
24.807 335.424
162.152 191.434
312.077 64.741
67.2123 298.189
149.221 209.515
138.722 222.206
62.8006 306.224
125.751 229.466
51.8334 314.817
93.4782 261.054
77.7974 280.407
270.569 91.4636
65.2123 302.2
282.541 80.8115
62.8006 306.224
144.737 217.964
237.513 126.76
45.8334 317.038
304.88 70.0087
126.38 228.856
106.555 255.533
164.152 190.606
180.329 179.305
164.152 190.606
278.541 86.6333
279.061 84.9383
164.703 186.368
321.259 50.886
330.841 24.839
86.3673 275.397
112.807 242.702
131.931 222.238
22.9947 336.054
68.3816 297.783
288.68 73.9542
259.908 105.91
47.8334 316.769
264.069 95.8181
167.014 183.067
153.502 201.832
179.565 180.428
288.68 73.9542
144.95 209.774
20.839 344.672
222.146 141.172
114.515 241.442
323.616 31.2332
84.0564 278.569
332.043 24.3676
41.8649 333.465
65.2123 302.2
151.506 205.435
166.363 185.896
288.68 73.9542
24.807 335.424
41.8649 333.465
180.98 174.747
