999479 13962.9
4102.69 905017
875459 23067.5
875459 23067.5
875459 23067.5
510316 343272
62142.1 768757
342878 516789
382121 476501
10204.8 810841
569421 275016
701582 130492
473975 388124
561790 280489
460902 407283
257013 586171
635319 201288
419766 437835
660152 171059
287748 572115
661619 168145
805529 23157.2
330662 540684
652689 174225
168661 647591
555765 283839
601379 233211
754829 69160.4
331676 523328
680045 130898
185334 635716
637546 179778
778434 37752.8
149696 653691
271277 578949
593375 241112
355999 501934
589834 241383
449264 411113
614909 204795
413025 443771
257013 586171
244088 601004
795765 30389.5
754381 71876.8
267256 580626
510316 343272
29477.9 776656
342878 516789
303546 549933
62142.1 768757
734148 82125.5
314502 546481
29477.9 776656
660152 171059
761437 61609.6
82339.1 722407
462336 396193
722829 91171.5
719425 101208
355999 501934
110492 713781
661619 168145
440954 423272
395515 466637
62142.1 768757
419766 437835
635909 187825
602413 213068
96959.5 717125
769834 43775.9
116278 691949
303546 549933
490218 354232
291560 556419
62142.1 768757
139255 673223
487099 362166
490218 354232
129834 682206
303546 549933
168009 653149
487628 354376
244088 601004
244088 601004
271385 578925
257013 586171
746276 72750.6
244088 601004
287164 573436
395539 465909
704022 108784
401387 446632
395515 466637
149696 653691
490218 354232
148657 656760
637546 179778
719425 101208
257013 586171
