37641.8 866.791
37641.8 866.791
495.626 41886.2
13358.6 24213
28321.2 10751.8
14763.8 22665
27505.4 11182.4
6949.72 31635.9
19035.9 18361.4
13840.4 23613.2
29288 9461.4
2990.6 34304.1
30658.1 6770.04
18543 18543.8
16788.6 20663.4
16573.6 21104.2
9691.31 27631.9
5763.76 31652
17249.9 19862.9
10229.2 27462.6
12226.8 24287.6
1644.78 35228.8
36525 1292.84
931.566 35943
10323.6 26437.5
18284.7 19285.4
27505.4 11182.4
7996.5 29532
10802 25753.4
29446.8 8894.24
22202 14374.3
593.527 38607.2
3212.42 33615.3
11196.4 25039.6
13840.4 23613.2
7996.5 29532
18001.1 19319.2
5553.78 31775.1
29672.5 8844.88
36525 1292.84
7028.53 30101.3
36525 1292.84
23203.4 14018.4
23342.1 13279.8
866.791 37499.4
8615.95 28414.7
33983.8 3003.51
31402 5493.98
15694.4 21667.6
18001.1 19319.2
24344.1 12630.7
35460.2 1898.8
30942.3 6597.19
20732.3 16005.7
15531.9 22148.2
36525 1292.84
24964.2 11300
5763.76 31652
31798.6 4891.3
21495.9 15215.4
1208.62 35557.7
29712.1 8654.92
24028.1 12665.5
32274.3 4826.82
9089.89 27899.1
12226.8 24287.6
29712.1 8654.92
1644.78 35228.8
3687.21 32973.3
19935.8 18172
36119 1383.95
28631 9790.34
16363.6 21393.8
29952.1 7516.62
32759.9 3771.44
15694.4 21667.6
20026.3 16896.7
24028.1 12665.5
6949.72 31635.9
36525 1292.84
28631 9790.34
2136.23 35206.9
22584.3 14255.4
29446.8 8894.24
30942.3 6597.19
28405.4 9839.7
16788.6 20663.4
35045.5 2018.33
10332.1 26233.5
4933.39 32360.4
30942.3 6597.19
603.632 38220.3
17577.6 19460.5
23752.7 12698.4
32675.8 4242.32
34339.1 2443.06
33650.4 3212.42
14763.8 22665
2443.06 34443.8
7971.78 29602.2
