1.46684e+06
1.46684e+06
1.46684e+06
1.46684e+06
1.46684e+06
1.46684e+06
1.46684e+06
1.46335e+06
1.46108e+06
1.4601e+06
1.4601e+06
1.45921e+06
1.43017e+06
1.43017e+06
1.43017e+06
1.43017e+06
1.43017e+06
1.43017e+06
1.43017e+06
1.43017e+06
1.43017e+06
1.42133e+06
1.42133e+06
1.42133e+06
1.42133e+06
1.42133e+06
1.42133e+06
1.42133e+06
1.42079e+06
1.41549e+06
1.41549e+06
1.41549e+06
1.41461e+06
1.41461e+06
1.4124e+06
1.4124e+06
1.40532e+06
1.39838e+06
1.39838e+06
1.3917e+06
1.36587e+06
1.36587e+06
1.36587e+06
1.36587e+06
1.36587e+06
1.36587e+06
1.36376e+06
1.3637e+06
1.3637e+06
1.3637e+06
1.3637e+06
1.3637e+06
1.3637e+06
1.3637e+06
1.3637e+06
1.3637e+06
1.3637e+06
1.3637e+06
1.3637e+06
1.3637e+06
1.3637e+06
1.36469e+06
1.36469e+06
1.36469e+06
1.36469e+06
1.36469e+06
1.36469e+06
1.3646e+06
1.3646e+06
1.3646e+06
1.3646e+06
1.36264e+06
1.36264e+06
1.35503e+06
1.35503e+06
1.35503e+06
1.35449e+06
1.35449e+06
1.35449e+06
1.35449e+06
1.35449e+06
1.35449e+06
1.35449e+06
1.35449e+06
1.35449e+06
1.35449e+06
1.35449e+06
1.35449e+06
1.35449e+06
1.35449e+06
1.35449e+06
1.35449e+06
1.35449e+06
1.35449e+06
1.35449e+06
1.35449e+06
1.35449e+06
1.35338e+06
1.35338e+06
1.35338e+06
