105236
105236
105236
104217
104217
104217
104217
104217
104217
103256
103256
99545.9
99545.9
99545.9
99545.9
99545.9
99545.9
99545.9
99545.9
99545.9
99545.9
98828.2
98828.2
98828.2
95129.4
95129.4
95129.4
95129.4
94984.6
93642.6
93190.5
93190.5
93190.5
92194.3
92194.3
92194.3
91287.9
91287.9
91287.9
91287.9
93360.4
92339.9
92339.9
92339.9
92339.9
92339.9
92339.9
92339.9
92339.9
92339.9
92339.9
92339.9
92339.9
92339.9
92339.9
92339.9
92339.9
92339.9
92339.9
92339.9
92339.9
92339.9
92339.9
92339.9
91125.9
91125.9
91125.9
91125.9
91125.9
91125.9
91125.9
91125.9
91125.9
91125.9
91125.9
91125.9
91125.9
91125.9
91125.9
91125.9
91125.9
91125.9
91125.9
91125.9
91125.9
91125.9
91125.9
91125.9
91125.9
91125.9
91125.9
91125.9
91125.9
91125.9
91125.9
91125.9
91125.9
91125.9
91125.9
91125.9
