438388 6869.89
6850 424835
438388 6869.89
157432 302038
90113.3 355589
231427 197234
395046 28467.5
141496 308109
24344 420112
93390.3 348537
300963 126174
32331.3 399472
150816 305519
35939.9 380714
377162 34576.3
252587 173026
35939.9 380714
205476 224086
268810 150777
190860 249078
328821 100304
35939.9 380714
81786.7 357661
267532 160384
365040 58402.8
285228 146314
81786.7 357661
314463 119871
339652 70133.3
198975 232920
166810 265331
231427 197234
267532 160384
223088 206354
221301 208145
292704 131046
375704 38472
328821 100304
253177 170918
35939.9 380714
24410 401873
96466.5 333377
106655 321456
394145 31192.1
212438 222259
157432 302038
231427 197234
75878.3 362533
123150 318528
321965 111380
223088 206354
339652 70133.3
355838 61731.9
176127 258293
157432 302038
35939.9 380714
35939.9 380714
166810 265331
334325 71744.9
300963 126174
314463 119871
189729 251414
300963 126174
223088 206354
268810 150777
33593.2 391498
267532 160384
225330 203954
24410 401873
93390.3 348537
190860 249078
160310 278028
123793 313417
79524.9 359598
223088 206354
223088 206354
166810 265331
268810 150777
198975 232920
124750 311545
212438 222259
215389 217430
300963 126174
225330 203954
328821 100304
93390.3 348537
212438 222259
93390.3 348537
160310 278028
205476 224086
212438 222259
300963 126174
331579 82241.9
316966 116749
93390.3 348537
377162 34576.3
355838 61731.9
285228 146314
196230 237061
163566 266478
