571563
569603
569603
569531
569531
568273
568273
568273
568273
567102
549452
546711
546711
546711
543671
543671
543671
543671
543671
541626
541626
536241
535608
535280
534644
529109
529109
526095
523071
523071
519208
519208
519208
513894
513894
513894
513894
513894
513894
513894
511711
511711
511711
511711
511711
511711
511711
511616
511616
511616
511616
511616
511616
511616
511616
511616
511616
511616
511616
511616
509910
509910
509910
509910
509910
509910
509788
509788
509788
509788
509788
505732
505732
505732
505732
505732
505732
505732
505732
505732
505732
505732
505732
505732
505732
505732
500421
500421
499290
499290
499290
499290
499290
499290
499290
498143
498143
495350
495350
495350
