269066 2919.37
269066 2919.37
269066 2919.37
2029.68 272341
105127 178152
87753.5 198583
219434 62088.4
134577 152883
29096.9 249300
97387.1 183279
6982.48 262376
255337 14677.4
227435 53601.2
250973 19090.2
29096.9 249300
15623 255258
197558 88385
216714 65864.5
35571.7 247308
120561 169086
11524.8 260435
259768 10705.6
255065 16493.9
212455 69634.1
171061 106560
198605 87380.8
176193 104278
192145 91869
165907 117467
64067.5 209170
139358 141160
37724.9 240594
240897 37724.9
234696 45704
152363 134600
246868 32481.7
186657 99646.1
192145 91869
68801.7 204141
141761 139483
227972 47284.4
2919.37 266224
192145 91869
124614 159913
94442.6 189946
221322 58327.5
98520.2 178296
239214 41640
95080.2 186146
268730 5618.23
37724.9 240594
138794 145952
78420.6 201564
148642 138336
12724.8 257895
71156.9 203380
53171.2 228128
166244 109713
49971.3 232389
95080.2 186146
186657 99646.1
96366 186007
61308.6 220585
141761 139483
265492 6982.48
141761 139483
214308 68162.8
198722 74210.2
141761 139483
71156.9 203380
252583 17499.3
124138 168815
191434 93985.9
8867.83 261048
193787 91721.3
64067.5 209170
137429 148086
61308.6 220585
124138 168815
155789 119817
261642 9410.05
182019 100284
95080.2 186146
29096.9 249300
165906 118815
95080.2 186146
141761 139483
182865 100032
179407 101357
29096.9 249300
98520.2 178296
199095 74124.5
71453.2 203007
246868 32481.7
58544.3 224415
165906 118815
62273.3 211461
193787 91721.3
64067.5 209170
35699.1 243227
