264636 3306.68
2315.53 260914
264636 3306.68
208019 70354.5
113589 161552
222023 40816.3
82060.2 186824
215735 58461.2
138480 132823
63684.2 203080
72088.9 201236
257641 7556.05
73618.2 194738
148640 132362
195943 77757.1
108173 162824
191037 77892.2
181788 87111.9
154717 111963
206882 73043.6
220448 44465.1
189443 81856
182235 82539.7
249261 9350.2
189655 79224.6
235788 25206.6
178346 89781.5
223601 38409.8
121453 144331
204464 73414.3
204464 73414.3
5536.63 252713
217962 54391.4
164184 104416
62176.4 208496
37105.9 227562
79463.9 190033
230710 32401
119109 151096
261203 6862.44
60223.3 215127
132928 138081
8083.92 251951
88896.5 183916
196136 77263.1
128897 139953
223601 38409.8
17441.9 240108
197768 76362.9
28778.3 233055
242152 17441.9
230710 32401
22635 237515
52966 219834
32266.5 227700
2884.87 258682
55162.4 219788
197768 76362.9
261203 6862.44
171607 96334.8
82060.2 186824
230710 32401
156093 111324
240226 17721.7
161949 105519
230710 32401
210853 61527.3
72088.9 201236
223601 38409.8
213985 59852.8
2884.87 258682
217962 54391.4
94622.9 171175
99553.5 170390
101732 162836
247399 12565.5
92873 172566
26257.7 234931
196136 77263.1
231393 31966.9
153804 112427
196136 77263.1
243351 17200
249261 9350.2
217962 54391.4
164611 102666
121453 144331
152583 114146
204464 73414.3
171607 96334.8
116949 155478
46585.1 226424
9350.2 247339
90432.3 179200
15623.5 243808
169714 98896.9
173424 92634.2
48896.2 223531
235788 25206.6
161829 110895
