21141.1
21141.1
20552.6
20552.6
20552.6
20552.6
20552.6
20552.6
20552.6
20552.6
20552.6
20552.6
20500.1
20479.6
20479.6
20358
20280.2
20043.2
20043.2
19743.2
19743.2
19636.9
19600.4
19600.4
19600.4
19600.4
19600.4
19507.2
19507.2
19244
19244
19244
19244
19191.5
19191.5
18955.8
18955.8
18955.8
18955.8
18955.8
18955.8
18955.8
18955.8
18955.8
18955.8
18688.6
18688.6
18688.6
18674.5
18674.5
18674.5
18674.5
18670.3
18670.3
18670.3
18670.3
18670
18670
18670
18456.1
18456.1
18456.1
18456.1
18422.8
18422.8
18422.8
18422.8
18422.8
18422.8
18422.8
18422.8
18422.8
18422.8
18422.8
18395
18395
18395
18395
18280.8
18280.8
18280.8
18280.8
18280.8
18280.8
18280.8
18280.8
18226
18226
18226
18226
18226
18226
18226
18226
18226
18210.2
18210.2
18129.5
18119.5
18119.5
