655999 16140.5
655999 16140.5
655999 16140.5
2611.99 670364
655999 16140.5
655999 16140.5
279003 383825
468657 212927
314424 337133
539755 131610
33465.9 623994
552044 94866
626772 52030.7
378056 289084
192229 481282
55508.4 595684
611339 63872.4
35231.7 616039
591855 64297.1
449679 217098
9076.58 638260
383547 271776
110102 562143
533061 133314
410996 250276
425067 243053
140933 528564
520981 155114
626772 52030.7
114476 556715
504397 163391
542389 103452
526942 140588
156603 520729
611339 63872.4
21995 637686
132013 538447
309249 342395
69822.8 577040
611339 63872.4
511091 162050
641324 28328.4
349672 299374
481296 194336
632727 46278.8
498655 170731
611339 63872.4
542389 103452
611339 63872.4
611339 63872.4
349423 310422
626033 52417.8
433553 226886
410996 250276
399884 255304
572328 82171.3
626772 52030.7
64459.5 585336
281967 378304
511091 162050
591855 64297.1
217851 437376
51676.8 599508
216684 440187
492748 174389
45750.3 600479
374144 289294
572328 82171.3
165284 508293
82083.3 563086
263094 398374
287898 371455
33465.9 623994
634517 30094.2
511091 162050
196401 448758
611339 63872.4
33890.5 618929
611339 63872.4
148182 528564
461938 215492
270665 383915
242749 413615
287898 371455
23147.3 635664
110102 562143
611339 63872.4
442081 219663
140933 528564
581749 73184
436686 219873
468657 212927
174664 498769
649192 17906.3
70793.5 575483
499049 168733
426376 237382
242749 413615
121268 554844
255965 410254
