1.00726e+06
1.00726e+06
1.00726e+06
1.00726e+06
1.00726e+06
1.00726e+06
998905
998905
996222
996222
990691
990691
990691
990691
990691
990126
990126
990126
990126
990126
990126
986359
981914
981914
981914
981289
981289
972518
969841
968977
968977
968977
968977
968415
963298
960180
960180
960180
960180
949112
949112
948441
948441
948441
948441
948441
948441
948441
948441
943476
943476
938020
938020
938020
938020
935167
935167
935167
935167
935167
935167
935167
935167
933839
933839
930424
930424
930424
930424
930424
930424
930424
918153
918153
918153
918153
918153
918153
918153
918153
918153
918153
918153
918153
918153
918153
918153
918153
918153
918153
918153
918153
918153
918153
918153
918153
918153
918153
918153
918153
