522408 13321
7382.19 530754
7382.19 530754
522408 13321
522408 13321
522408 13321
522408 13321
181533 338999
323499 212757
202864 317914
269225 250373
353991 188929
236180 282769
255001 276201
188471 324627
248742 280703
209030 300335
471792 56333.9
176791 339496
389452 127177
304051 224826
323230 213300
332003 192890
32201.4 485825
356463 180865
135484 386249
430251 98216.1
119313 398835
449306 75587
66584.5 451491
280245 243700
280713 240130
21935 492072
163926 343732
161479 365875
435008 80350.9
401512 112191
430251 98216.1
77952.4 433583
379620 138973
264060 255531
484008 35283.1
332003 192890
148613 367622
62990.1 463534
248742 280703
310063 221011
69402.3 450494
366042 149151
290579 231670
83173.9 427398
278664 246121
324160 212266
222966 283480
69402.3 450494
290579 231670
285855 235560
320769 215988
476627 38936.6
163286 365378
290579 231670
308689 224220
430251 98216.1
104152 405970
51588.2 466501
83173.9 427398
83173.9 427398
121956 395806
290579 231670
62990.1 463534
433523 90416.6
500307 17827.8
12827 499670
493770 25303.5
485703 31035.5
183805 330629
502356 13890.1
51423.5 477948
102555 414320
472416 44985.7
332003 192890
451750 60181.6
21935 492072
293875 229007
323499 212757
207606 315425
332003 192890
69402.3 450494
7951.1 510792
417507 99526.2
364267 153747
41907 481409
332003 192890
384789 135045
290579 231670
449884 63708.8
208305 303346
163926 343732
256247 264241
330160 196219
