418.709
418.709
414.584
414.584
414.584
407.277
407.277
407.277
406.26
406.26
405.344
405.344
405.344
401.279
401.279
399.779
399.779
397.553
390.432
386.38
386.38
386.38
386.38
386.38
386.38
386.38
386.38
386.38
386.38
386.38
386.38
386.38
386.38
379.656
379.656
379.656
379.656
379.656
379.656
378.555
378.555
378.42
378.42
378.42
378.42
378.42
378.42
378.42
375.791
373.22
373.22
373.22
373.22
373.22
373.22
373.22
373.22
373.22
373.22
373.22
373.22
373.22
370.637
370.637
370.637
370.637
370.637
370.637
370.637
370.637
370.637
369.873
369.873
369.873
369.873
369.873
369.873
367.495
367.495
367.495
367.495
367.495
367.495
367.495
367.495
367.495
367.495
367.495
367.495
367.495
367.495
367.495
367.495
367.495
367.495
367.495
367.495
367.495
367.495
367.495
