672236 51636.8
675002 50118.4
675002 50118.4
2850.99 721984
160625 494358
612525 91490.1
653981 61762.9
663109 55972.3
127562 536975
397170 296350
17043.9 658919
402708 292829
50107.3 615695
563891 94089.8
416438 265922
473661 177107
262505 387986
643478 71904.8
39054.2 629580
431491 205596
406849 274456
413679 267618
622700 86446.6
337173 301611
612525 91490.1
438152 198380
75328.2 585021
547318 119864
174251 462020
91382.3 570724
278683 361570
530090 127015
490696 165273
424870 208999
561949 102412
622706 81972.2
431491 205596
75328.2 585021
517677 137597
207609 434666
452999 192734
50107.3 615695
548772 112682
103339 548049
253275 392919
636853 75751.4
163309 473893
645010 66296.8
314819 316869
253191 398064
402708 292829
548562 114474
216360 408946
242222 401357
405467 286685
160625 494358
117137 538251
276289 369865
524673 130226
438152 198380
489418 165893
657608 59316.7
316126 314177
514279 144575
208132 415975
262505 387986
311265 325301
517677 137597
81436.7 576122
486411 174292
300185 333464
293633 340247
7028.49 705302
283572 345338
95270 562247
418102 214313
493779 156658
489418 165893
450779 198344
502081 145107
54970.6 604470
489418 165893
555310 105136
634507 77177.1
39054.2 629580
535626 122044
456269 183391
489418 165893
326571 302691
485583 176211
618262 90565.2
85348.1 572625
550131 111929
431491 205596
492583 164504
498684 154495
110576 546714
530730 126506
659041 56742.6
113504 539283
