1.45441e+06 12856.6
10121.3 1.25212e+06
720392 518315
939550 355973
1.31585e+06 21494.8
233398 1.03879e+06
706142 548038
406846 849745
967116 291813
459601 752521
49767.4 1.2114e+06
173134 1.07642e+06
105735 1.17138e+06
862449 381009
995891 203248
456046 805668
1.0751e+06 192300
781867 467104
845875 397846
24448.9 1.25138e+06
363770 872356
592115 661576
795849 460850
1.27444e+06 57891.7
119975 1.13954e+06
712339 525844
667614 582630
270091 974736
189204 1.07042e+06
441902 832332
561480 707421
1.09028e+06 161875
139316 1.13218e+06
161875 1.0958e+06
480196 740402
774175 484939
1.07867e+06 184307
107770 1.16192e+06
959109 314677
995496 268831
1.19209e+06 89355.1
143027 1.10636e+06
1.1276e+06 139316
619782 640186
848756 387075
298771 960433
1.14304e+06 139316
764418 502672
877299 371205
208989 1.04277e+06
1.1473e+06 110614
887159 356873
1.12379e+06 159214
751308 509259
966748 313401
282770 971177
249595 1.01326e+06
31485.7 1.22236e+06
317499 925261
259717 998443
1.29664e+06 55916.2
805487 459641
1.23093e+06 77045.2
865271 379484
49767.4 1.2114e+06
810158 414026
957968 343226
327231 924455
632594 610954
330300 902391
58242.5 1.19896e+06
356138 880461
432029 836710
993543 279824
343919 884487
383405 866854
394312 853188
568169 690983
766119 491214
512901 720156
588200 676315
729519 514343
392726 866849
1.08242e+06 164680
950010 348121
49767.4 1.2114e+06
393421 861594
72824.6 1.18095e+06
945151 353253
650696 601269
806507 444685
950734 343226
49767.4 1.2114e+06
747943 514306
