278575 7915.46
629.69 286233
278575 7915.46
278575 7915.46
278575 7915.46
278575 7915.46
278575 7915.46
278575 7915.46
278575 7915.46
278575 7915.46
278575 7915.46
278575 7915.46
278575 7915.46
278575 7915.46
278575 7915.46
278575 7915.46
278575 7915.46
278575 7915.46
278575 7915.46
278575 7915.46
278575 7915.46
278575 7915.46
629.69 286233
278575 7915.46
278575 7915.46
278575 7915.46
278575 7915.46
278575 7915.46
629.69 286233
278575 7915.46
278575 7915.46
278575 7915.46
278575 7915.46
278575 7915.46
278575 7915.46
278575 7915.46
278575 7915.46
278575 7915.46
278575 7915.46
278575 7915.46
278575 7915.46
278575 7915.46
278575 7915.46
278575 7915.46
278575 7915.46
278575 7915.46
118407 181745
14745.9 270173
37173.2 243515
175441 105808
86438.9 200638
161075 130239
218646 62010.9
96303.2 198895
137223 144372
49195 226168
123797 154822
237273 47224
24129.6 253751
142532 143016
185678 94525
193655 86224.1
25493.5 252158
230204 49091.2
224588 56029.3
215678 66695.1
99340 186554
80053.9 206260
226864 55841.4
29691.8 245496
5222.58 278454
257675 27277
58633.6 215481
247406 37123.9
113085 184463
203278 72986.7
201366 78040.1
96303.2 198895
207469 66840.4
148241 140276
250211 33291.3
106011 186083
153775 137373
269060 13981.4
66337.4 209528
207071 69353.1
126719 151201
260661 22591.9
242689 41635.4
159082 131408
24129.6 253751
10516.9 274894
61362.6 213347
242604 42959.4
155156 134256
198073 81545.9
126719 151201
197868 82630.5
150233 138893
258632 24557.5
