573.276 94417.6
89282.3 6792.46
89282.3 6792.46
42437.4 49485.3
6763.23 89818.2
4593.02 92294.2
53461.4 35384
69574.9 24016
66123.7 29118.2
76853.3 16357.1
78869.3 15950.3
27386.7 63830
71743.9 22437.9
87650.4 11754.4
79234.3 14799.1
22626.4 68248.3
76680.3 18200.7
81413.7 13610.3
75052.7 18271.7
73036.9 19765.5
17106.4 74752.9
73036.9 19765.5
11099.9 78397.1
24239.1 67933.2
35836.3 57408
78869.3 15950.3
21573.6 70708.9
67191.4 28932.6
24122.2 67991.4
18187.4 74560.9
72005.1 22191.4
24122.2 67991.4
69574.9 24016
73036.9 19765.5
33721 61256.2
46832.6 46190.9
9076 82316.6
67712.9 26923.6
50685.5 44977.2
68577.7 26455.4
25710.1 65178.8
16111.8 76867.1
11099.9 78397.1
82053.4 12880.6
29305.8 63478.6
71064.1 23239
37029.8 56584.6
31106.5 62258.8
24122.2 67991.4
69244.2 24337.6
78869.3 15950.3
17095.1 75773
50685.5 44977.2
20305.2 72112.3
67712.9 26923.6
15950.3 77303.5
50685.5 44977.2
38385.4 55613.3
52379.9 39837.9
10313.9 82121.8
14799.1 77668.5
71743.9 22437.9
53461.4 35384
86185.9 12488.5
75052.7 18271.7
49218.2 45283
59065.3 31432.4
33721 61256.2
59758.2 30248.4
75052.7 18271.7
86151.4 12517.8
76853.3 16357.1
24122.2 67991.4
68895.1 24817.1
18187.4 74560.9
29305.8 63478.6
69574.9 24016
72005.1 22191.4
81413.7 13610.3
24122.2 67991.4
71064.1 23239
3295.7 93475.5
35836.3 57408
76680.3 18200.7
66506.2 29042.6
76853.3 16357.1
37029.8 56584.6
24122.2 67991.4
33721 61256.2
75052.7 18271.7
68895.1 24817.1
27548.1 63617.3
16111.8 76867.1
71413.2 22639.1
59136.5 31317.4
59136.5 31317.4
66123.7 29118.2
71064.1 23239
