1.57755e+06
1.57755e+06
1.57755e+06
1.55488e+06
1.53896e+06
1.53896e+06
1.51547e+06
1.51547e+06
1.51547e+06
1.51547e+06
1.50411e+06
1.50411e+06
1.50411e+06
1.48588e+06
1.48588e+06
1.47921e+06
1.47921e+06
1.47921e+06
1.47921e+06
1.46323e+06
1.46323e+06
1.44735e+06
1.44735e+06
1.44735e+06
1.44735e+06
1.44735e+06
1.44604e+06
1.44279e+06
1.44279e+06
1.43862e+06
1.43862e+06
1.43862e+06
1.43862e+06
1.43862e+06
1.43711e+06
1.42506e+06
1.42506e+06
1.42506e+06
1.42506e+06
1.42506e+06
1.42506e+06
1.42506e+06
1.42506e+06
1.42506e+06
1.42506e+06
1.42278e+06
1.42278e+06
1.42278e+06
1.42278e+06
1.4221e+06
1.4221e+06
1.4221e+06
1.4221e+06
1.41888e+06
1.41888e+06
1.41888e+06
1.41888e+06
1.41888e+06
1.4182e+06
1.4182e+06
1.4182e+06
1.4182e+06
1.4182e+06
1.4182e+06
1.4182e+06
1.4182e+06
1.4182e+06
1.4182e+06
1.4182e+06
1.4182e+06
1.4182e+06
1.4182e+06
1.41663e+06
1.41663e+06
1.41663e+06
1.40904e+06
1.40904e+06
1.40904e+06
1.40497e+06
1.40497e+06
1.40497e+06
1.3965e+06
1.3965e+06
1.3965e+06
1.3965e+06
1.3965e+06
1.3965e+06
1.38494e+06
1.38423e+06
1.38423e+06
1.382e+06
1.382e+06
1.38145e+06
1.3782e+06
1.3782e+06
1.3782e+06
1.3782e+06
1.3782e+06
1.37715e+06
1.37539e+06
