808304 15423.1
808304 15423.1
808304 15423.1
11984.7 951919
808304 15423.1
232890 640656
546321 347185
245568 626105
283785 575227
120740 697058
262217 615616
559220 290390
89766.4 712484
620507 213076
550269 290551
12719.9 816992
349964 509890
513822 354698
177835 658541
487648 362610
477160 370828
559220 290390
322953 531516
663791 175614
683537 112886
174173 672023
370010 485004
676973 171089
400536 436432
355626 499007
363198 488486
230580 647204
20592.7 776555
728285 75114.2
426653 413208
363198 488486
653307 195509
463890 375400
513822 354698
48409.2 761756
104573 701214
329509 522230
292080 564304
386535 472903
563134 269420
728285 75114.2
529409 349379
301274 550952
270247 587911
777267 15423.1
445583 393977
291249 565944
15423.1 789144
71222.4 726863
595450 231967
386535 472903
547832 317591
337081 511709
676973 171089
329509 522230
776131 39689.8
777267 15423.1
676973 171089
353155 504058
676973 171089
621305 203006
756930 53260.4
583116 245706
462174 387904
395380 451369
676973 171089
756135 58157.8
355626 499007
445583 393977
230580 647204
320362 543843
598317 226230
39689.8 774557
462174 387904
742113 65807
434791 398548
638433 199525
728285 75114.2
324258 530370
568290 256510
337081 511709
614906 219716
699382 105593
400536 436432
676973 171089
395380 451369
49257.6 748200
337081 511709
414741 416601
511651 359335
72242.5 725031
386535 472903
550269 290551
614906 219716
430597 410779
