579838
579838
566881
566881
566881
566881
560802
560802
560802
560802
556356
547493
535881
535216
530763
522430
522430
522430
521591
519690
519690
515664
514976
514976
512343
510900
510900
510900
510900
510900
509167
509167
509167
509167
507121
507121
504932
504932
504225
500907
500907
500907
495615
495615
495615
494253
494253
491858
491858
491858
491858
491858
488401
488401
487114
487114
487114
477800
477800
477800
477800
477800
476816
475341
475341
475341
475341
472283
470839
470839
470839
469599
469599
469599
469599
469388
465189
463926
463926
463558
463558
463558
462273
462273
458981
458981
458277
458277
458277
458277
457605
456546
455655
455655
455655
450191
450191
448341
448341
448341
