580033
481815
400290
335495
276800
250871
221752
174679
162399
130315
115861
102078
73318.5
71113.3
65181.7
65181.7
60418.4
60418.4
60304.7
58719.7
58719.7
58719.7
58719.7
58197.4
58197.4
58197.4
58197.4
58197.4
56810.2
56810.2
56810.2
56810.2
56810.2
56810.2
56810.2
56810.2
56810.2
56810.2
56810.2
56810.2
56810.2
56810.2
56810.2
56810.2
56810.2
56810.2
56810.2
56810.2
56810.2
56810.2
56810.2
56810.2
56810.2
56810.2
56810.2
56810.2
56810.2
56810.2
56810.2
56810.2
56810.2
56810.2
56810.2
56810.2
56810.2
56810.2
56810.2
56810.2
56810.2
56810.2
56810.2
56810.2
56810.2
56810.2
56810.2
56810.2
56810.2
56810.2
56810.2
56810.2
56810.2
56810.2
56810.2
56810.2
56810.2
56810.2
56810.2
56810.2
56810.2
56810.2
56810.2
56810.2
56810.2
56810.2
56810.2
56810.2
56810.2
56810.2
56810.2
56810.2
