508069
508069
506707
506707
506707
490526
490526
472290
472290
471486
471486
460713
444515
444515
444515
444515
444515
444515
444515
444515
444515
444302
440521
426318
426318
426318
426318
413432
411604
411604
411604
411604
411604
411604
411391
408683
408683
408683
404924
404924
404924
403269
403269
403269
403269
397990
393620
393620
393620
393620
393620
393620
393620
384839
384839
379148
376817
373728
373052
373052
373052
373052
367794
367794
367794
365805
365805
365805
365805
365805
354872
354872
354872
351672
351672
351672
346167
346167
346167
346167
346167
346167
346167
346167
341799
341799
341799
341799
341799
341799
339398
339398
339398
337753
337753
327656
327656
327656
327656
327656
