1.01262e+06
1.01202e+06
1.01202e+06
1.00064e+06
997595
992291
992291
992291
978588
963500
956774
956774
952215
952215
946112
946112
930348
930348
930348
930348
928844
928844
926585
926585
926585
926585
921316
921316
921316
913177
913177
913177
913177
913177
910639
910639
909779
909779
909779
899557
899557
897421
897421
893532
893532
888137
888137
887395
880685
880685
880685
877647
872671
872671
872671
869188
860193
860193
860193
860193
855907
855907
855907
855907
855889
850856
850856
850856
849618
849618
849618
849075
840625
840625
840625
840625
840625
840625
839589
838082
838082
838082
831568
831568
831568
831568
831568
831568
831568
831568
831568
831568
825835
825835
825692
824822
821872
821872
815271
815271
