513396
497374
497374
497374
496735
496735
496453
485714
474174
474174
474174
471355
466577
466577
456397
450524
450524
447968
447968
439072
436156
436156
436079
436079
427356
411943
411943
411943
411943
410321
410321
410321
410321
410321
408920
407283
407283
407283
403884
403884
403884
403884
403884
403884
402682
400306
400306
398436
398436
395465
395465
395465
395465
394717
394717
389993
389993
389049
388301
388301
388301
386996
386996
384167
383577
383577
382716
381684
377303
377303
377303
376761
376761
376761
376761
371550
371550
371550
371550
371550
371550
371550
369849
369849
369849
367920
367920
367920
367920
367920
359858
359858
359858
359858
359858
359858
359858
359858
357094
357094
