228478
228478
225575
225575
225575
225575
225575
224359
223471
223471
223471
223471
222597
220286
220286
220286
220286
218962
218962
218962
216963
216963
215186
215186
215186
215186
215186
215186
215186
215186
215186
215186
215186
215186
214444
211848
211848
211848
211848
211848
210735
210735
210735
210594
209756
209756
208934
208934
208143
207191
207191
204098
204098
201360
201360
201360
201360
201360
200595
200595
200595
200595
200595
200595
200595
200595
200525
199666
198524
198000
198000
197704
197704
197704
195906
195898
195898
195898
194998
194780
194037
194037
194037
194037
194037
193970
193627
193459
193459
190907
190907
190072
190072
190072
190072
190072
189690
189054
186883
186883
