311378
294235
294235
288607
288607
288607
288607
288607
288607
288607
288597
284082
284082
284082
281620
277444
277444
277293
276634
276634
276266
270336
268334
268334
266771
266771
266771
264450
264174
262931
262931
262931
262931
260105
257635
257199
255029
255029
251922
251922
251922
251922
250779
250779
250779
246345
245684
245104
245104
245104
245104
245104
245082
243195
243195
242607
238463
238463
238463
238463
238463
235576
235576
235576
235576
235576
235576
234250
234250
234250
234250
234250
234250
234250
234250
234250
230804
230804
230804
230804
230804
230804
230367
230367
230367
230367
226878
226878
226878
221922
221922
221922
221922
221691
221691
221691
221691
221691
221691
220348
