1438.12
1438.12
1420.17
1384.5
1384.5
1343.9
1343.9
1343.9
1332.73
1321.64
1321.64
1266.31
1266.31
1247.19
1243.78
1243.78
1228.28
1214
1214
1214
1214
1157.29
1147.61
1147.61
1147.61
1147.61
1147.61
1147.61
1127.45
1127.45
1127.45
1127.45
1127.45
1127.45
1127.45
1120.04
1120.04
1120.04
1120.04
1076.79
1069.11
1069.11
1059.41
1059.41
1059.41
1059.41
1059.41
1059.41
1058.84
1058.84
1037.38
1036.43
1024.14
998.964
998.964
997.442
997.442
997.442
982.086
982.086
982.086
979.893
979.893
973.18
973.18
973.18
973.18
973.18
968.877
968.877
958.745
958.745
958.745
958.745
958.745
958.745
957.517
957.517
957.517
957.517
945.007
945.007
945.007
945.007
945.007
945.007
934.823
928.639
928.639
928.639
928.639
928.639
928.639
928.639
928.639
928.639
928.235
928.235
928.235
928.235
