1.00379e+06
1.00379e+06
1.00379e+06
975964
975964
972649
972649
959922
959400
958469
946102
939367
938274
935087
926267
919488
919488
906227
898667
898652
888250
883196
883196
866708
866708
866708
866708
862475
862475
862475
862475
862475
862475
862330
855702
855702
855702
854190
846114
846114
846114
846114
834278
834278
834278
834278
834278
834278
834278
834278
834278
834278
834278
828840
828840
828840
828840
826673
826673
826673
823967
823967
823967
819935
819935
819935
818508
818508
818361
813599
813599
807471
805573
805573
805573
805103
800783
800783
800783
800783
797862
797507
796029
796029
796029
794789
794789
794789
794552
791772
791772
786011
786011
784855
784855
784855
784855
784855
784855
782501
