229760
229760
229760
225835
225835
225122
223130
222730
222730
216392
216392
216392
216392
216392
215749
209616
209616
209616
205611
205611
205611
205611
205611
205611
205611
204241
204241
204241
204241
204241
195178
195178
195178
193381
191009
191009
191009
185829
185829
185829
185829
185829
185829
185829
180172
180172
180172
180172
180084
175997
175997
175997
175997
175997
175997
175997
175997
174118
171412
171412
171412
171412
171412
171412
171412
168649
168649
168649
168649
168649
168649
168649
168649
168508
168508
167844
167844
167468
166393
166393
166393
165811
163769
163769
163769
163452
162405
162405
162277
162277
162277
162277
161585
161585
161585
161585
160193
160193
159952
159259
