966325
966325
953862
945878
945878
945878
944495
938148
936378
935188
918805
918805
917078
916296
916296
904527
904527
903701
898095
898095
893205
893205
893205
886723
886723
886723
886723
880838
880723
878606
871242
866232
866232
866232
866232
866232
866232
866232
862649
862649
862649
862649
857726
857726
854120
854120
853803
853803
851565
851565
844225
844225
844225
834673
834673
834673
834673
834673
833957
831491
828522
828522
828522
824028
822666
821673
821673
815713
815713
813182
813182
813182
813182
813182
813182
802405
802405
802405
802405
797539
797539
797539
789936
787529
787529
787529
787529
784213
775956
775956
775956
772686
772686
769493
769493
769493
769493
769493
769493
769493
