707461
695503
692265
692265
692265
692265
692265
692069
692069
690196
689631
686954
676585
676585
676585
668711
667755
664736
664736
663979
663979
661710
661710
661710
660943
660943
660943
658266
658266
652067
652067
652067
652067
652067
652067
648888
648888
648888
648888
648420
647349
647349
647349
647349
644883
644883
644883
641675
641675
641675
641675
641675
641675
641675
641675
639496
638863
638362
638362
638362
631228
631228
631228
631228
631228
629830
629830
629830
627028
627028
620800
620800
620800
620800
620800
620800
620800
620800
620800
620800
620800
620800
620393
620393
619845
619845
615732
615732
615732
612842
612842
612842
612842
612842
612842
612842
610534
610534
609234
609234
