422.351
422.351
422.351
422.351
418.836
418.836
418.836
409.607
409.607
409.607
409.607
403.771
403.771
403.771
392.996
392.996
392.996
392.533
392.533
391.645
391.645
390.359
390.359
388.647
388.647
386.542
386.542
383.305
383.305
383.305
383.305
383.305
381.654
381.654
381.654
381.654
380.522
378.41
378.41
378.41
375.241
375.241
375.241
373.281
367.985
366.009
364.978
364.636
363.563
363.563
362.437
359.847
359.847
359.847
359.847
359.847
359.847
358.97
356.794
356.794
356.794
356.794
356.496
356.496
354.945
354.945
354.707
353.049
351.853
351.853
350.04
350.04
348.892
348.892
348.307
344.162
344.162
343.2
343.2
343.2
343.2
340.678
337.646
337.646
337.646
337.646
337.646
335.868
335.512
335.512
335.512
332.03
332.03
332.03
332.03
332.03
329.424
329.424
329.424
329.424
