1.46752e+06
1.46752e+06
1.46459e+06
1.45223e+06
1.45223e+06
1.45223e+06
1.45223e+06
1.45223e+06
1.45042e+06
1.45042e+06
1.44201e+06
1.42711e+06
1.42481e+06
1.42481e+06
1.42481e+06
1.41569e+06
1.41569e+06
1.41282e+06
1.41167e+06
1.41167e+06
1.39584e+06
1.38407e+06
1.38407e+06
1.38407e+06
1.38191e+06
1.38191e+06
1.37582e+06
1.37192e+06
1.37192e+06
1.36169e+06
1.35225e+06
1.35225e+06
1.35225e+06
1.35225e+06
1.35225e+06
1.35109e+06
1.35109e+06
1.34451e+06
1.34451e+06
1.3409e+06
1.3409e+06
1.33793e+06
1.33069e+06
1.33069e+06
1.33069e+06
1.33069e+06
1.32865e+06
1.32778e+06
1.32778e+06
1.32778e+06
1.32778e+06
1.31726e+06
1.31726e+06
1.31726e+06
1.31726e+06
1.3096e+06
1.3096e+06
1.3096e+06
1.3096e+06
1.3096e+06
1.3096e+06
1.30173e+06
1.30173e+06
1.30173e+06
1.30173e+06
1.30173e+06
1.30173e+06
1.30173e+06
1.30173e+06
1.29562e+06
1.29562e+06
1.29447e+06
1.29447e+06
1.29447e+06
1.29447e+06
1.29368e+06
1.27329e+06
1.27329e+06
1.27329e+06
1.27329e+06
1.27329e+06
1.27329e+06
1.27329e+06
1.27329e+06
1.27329e+06
1.27329e+06
1.26745e+06
1.26745e+06
1.25165e+06
1.25165e+06
1.25105e+06
1.25105e+06
1.25105e+06
1.25105e+06
1.25105e+06
1.24461e+06
1.24461e+06
1.24317e+06
1.24317e+06
1.24314e+06
