708146
706372
706372
706372
706372
690393
690393
690393
690393
689069
687533
687533
685732
681497
677377
677377
674459
671632
669903
666065
661399
660758
660758
659635
659606
659484
656643
652704
652704
652704
651419
647510
647510
647510
646129
646129
646129
646129
644989
644684
644684
640776
640776
640100
640100
640100
637990
637990
636844
636844
636844
633262
633262
633262
633212
632122
632122
632122
632122
629483
628917
628917
624345
624345
624345
624345
624345
622573
622573
622573
620912
616735
616735
616735
616735
615570
615570
610549
610549
610549
610549
610549
609701
609701
609701
606637
605398
605398
605398
600978
600978
600978
597581
597581
597581
597581
596327
595643
594756
594756
