111327
111327
109627
108178
108178
108178
108178
106507
105769
104384
103841
100569
99741.2
99741.2
99741.2
99741.2
99420.5
99420.5
99420.5
97319.8
97319.8
97208.3
97208.3
96903.1
96902.4
96573.1
95907.5
95907.5
95434.5
95073.7
95073.7
95073.7
94222.8
94222.8
94222.8
94222.8
94222.8
94222.8
94222.8
93645.1
93645.1
93645.1
93645.1
93034.2
93034.2
93034.2
93034.2
92901.3
92901.3
92423.1
92423.1
92423.1
92423.1
91887.2
89104.1
89104.1
89104.1
89104.1
89104.1
89104.1
89104.1
89104.1
89104.1
89104.1
88805.5
88805.5
88805.5
88196.4
88196.4
88196.4
87831.8
87831.8
86924.1
86924.1
86924.1
86924.1
86902.9
86902.9
86893.5
86400.3
85893.6
85477.9
85433.6
84689.1
84689.1
84689.1
84689.1
83908.9
83366.3
82768.4
82768.4
82768.4
82768.4
82768.4
80685.3
80685.3
80685.3
80685.3
80685.3
80685.3
