1.55617e+06
1.55617e+06
1.55617e+06
1.55617e+06
1.55617e+06
1.55075e+06
1.53848e+06
1.53848e+06
1.51346e+06
1.50503e+06
1.50503e+06
1.4996e+06
1.4996e+06
1.48365e+06
1.46331e+06
1.46331e+06
1.46331e+06
1.46331e+06
1.46224e+06
1.46224e+06
1.44924e+06
1.44442e+06
1.44442e+06
1.44442e+06
1.44442e+06
1.44442e+06
1.43887e+06
1.42939e+06
1.42939e+06
1.42939e+06
1.42901e+06
1.42276e+06
1.42276e+06
1.42276e+06
1.41746e+06
1.41746e+06
1.41693e+06
1.4105e+06
1.4105e+06
1.39735e+06
1.39735e+06
1.39735e+06
1.392e+06
1.392e+06
1.37679e+06
1.37503e+06
1.36534e+06
1.36534e+06
1.3577e+06
1.3577e+06
1.3577e+06
1.35543e+06
1.35543e+06
1.35543e+06
1.35204e+06
1.34903e+06
1.34903e+06
1.34903e+06
1.34903e+06
1.34681e+06
1.34681e+06
1.34681e+06
1.34681e+06
1.32657e+06
1.32657e+06
1.32657e+06
1.32657e+06
1.32657e+06
1.32612e+06
1.32612e+06
1.32582e+06
1.32582e+06
1.32582e+06
1.31548e+06
1.31548e+06
1.31392e+06
1.30869e+06
1.30869e+06
1.30747e+06
1.30747e+06
1.30747e+06
1.30747e+06
1.30747e+06
1.30747e+06
1.30747e+06
1.3056e+06
1.29832e+06
1.29832e+06
1.29825e+06
1.29825e+06
1.28702e+06
1.28702e+06
1.28702e+06
1.28702e+06
1.28702e+06
1.28702e+06
1.28702e+06
1.28485e+06
1.28485e+06
1.28485e+06
