752609
752609
752609
752609
749053
736272
736272
731472
731472
731303
731303
723323
708389
701183
701183
701183
694910
694910
689184
689184
689184
689184
689184
685376
685376
685376
685376
681742
681742
674006
674006
671361
671361
671361
671361
668967
668967
668101
668091
663725
663725
659887
659887
652556
652556
652556
652556
652556
652556
652556
652556
645687
645687
645687
645687
641139
632983
629040
629040
629040
629040
629040
623109
623109
623109
623109
623109
619760
616331
609625
609625
609625
609625
609625
609625
609625
606879
606879
605918
604379
602650
602134
600243
599388
597593
597593
597593
597593
595452
595052
595052
594712
594712
584858
584858
584858
584858
584858
584858
583231
