41554.9
41554.9
41554.9
41554.9
41384.2
40536.6
40536.6
40065.3
40065.3
40065.3
40065.3
40065.3
40012.6
39654.1
39388
38855.5
38855.5
38855.5
38855.5
38855.5
38855.5
38727.2
38685.6
38685.6
38142
38142
37982.6
37982.6
37321.2
37321.2
37302.3
37282.3
37282.3
36956.6
36765.8
36765.8
36765.8
36765.8
36765.8
36765.8
36669.4
36496.4
36267.3
35926.1
35926.1
35926.1
35926.1
35864.6
35864.6
35864.6
35524.3
35524.3
35470.5
35470.5
35470.5
35272.8
35272.8
35272.8
35272.8
35136.2
34952
34952
34952
34825.6
34727.1
34689
34660.4
34504.8
34406.3
34406.3
34406.3
34406.3
34216.9
33839.6
33839.6
33839.6
33839.6
33839.6
33839.6
33839.6
33839.6
33839.6
33839.6
33735.1
33735.1
33730.7
33550.4
33550.4
33550.4
32914.2
32914.2
32914.2
32914.2
32914.2
32914.2
32914.2
32914.2
32914.2
32914.2
32914.2
