232485
231184
228126
222151
222151
218959
218959
218959
218959
208283
208283
208283
203182
203182
203182
203182
203182
203182
203182
203182
203182
203182
202911
202911
200209
200209
200209
197966
197966
194778
194778
194778
191469
191469
188181
187730
187730
186742
186742
186742
186742
186742
185641
182989
182989
182989
181570
181570
181570
181570
177158
177158
177158
177158
177158
177158
177158
177158
177158
177158
177158
177158
177158
174378
174378
174378
174378
174378
174378
172302
172302
172302
170991
170991
170110
170110
170110
170110
170110
170110
170076
166046
166046
166046
166046
166046
166046
166046
166046
165574
163866
163866
163866
163866
163866
163625
163625
160146
160146
160146
