962000
962000
962000
940215
940215
937235
924803
924803
924803
924803
903616
903616
888635
888635
888635
883369
883369
883369
883369
883369
878593
878593
878593
878593
874836
867247
867247
854990
854990
852559
852559
852559
852559
852559
852559
852559
852559
845377
845377
838784
838784
838784
838784
830524
830524
830524
829012
818551
818551
818551
818551
818551
817408
811338
809500
809500
805435
805435
805435
805388
805388
804197
782905
782905
782905
782905
782905
782905
782905
768926
768926
768926
768926
768926
765566
765566
765566
765566
765566
761682
752900
752900
752900
752900
752900
746915
746915
746915
741183
741183
741183
741183
741183
741183
741183
741183
738878
738878
733726
733726
