109440
107903
107903
107903
107903
106484
105161
105161
103594
103347
103347
99774.9
99774.9
99774.9
99774.9
99774.9
99054.7
98749.4
98350.3
98350.3
98308.7
97837
97837
97308.2
96988
96988
96988
96988
95125
95125
94393.2
94393.2
94393.2
94023.4
94023.4
93510.5
93510.5
93510.5
91826.6
91826.6
90318.5
90318.5
89532.6
89532.6
89532.6
89532.6
89532.6
88710.3
88283.3
88283.3
87572
87572
87540.9
87230.8
87230.8
86243.7
85180.7
85180.7
85180.7
85180.7
85024.5
85024.5
83134.3
83134.3
83134.3
83134.3
83134.3
83134.3
83111.5
82877.1
82877.1
82877.1
82121.4
82121.4
82121.4
82121.4
80620.8
80620.8
80620.8
80578.4
80578.4
80578.4
80578.4
80578.4
80578.4
79965.2
79965.2
79965.2
79965.2
79916.3
79916.3
79845.1
79448.6
79349.9
77260.7
77260.7
77260.7
77260.7
77260.7
77260.7
