225037
225037
225037
225037
225037
222017
221175
221175
220066
220066
220066
217768
217768
217768
217352
216928
214018
212619
212619
212619
212619
210507
210507
209783
209783
209783
209783
206032
206032
205933
203341
203341
203134
203134
201849
201849
201849
200342
200342
200096
200096
197805
197805
196298
196298
196298
195808
195808
195808
195650
194651
192720
192720
192638
192638
192638
192638
190962
190962
190962
190962
190962
190962
190962
190962
189352
189352
189352
189352
188872
188872
188872
188872
188872
188872
188309
188309
188309
187235
187235
187235
187235
187235
186034
186034
186034
186034
185406
184834
183909
183838
183838
183838
183838
183838
182218
182218
182218
182218
182083
