710691.20
710606.00
710606.00
708845.40
706610.20
706610.20
702551.40
699901.20
697455.00
696836.40
693552.80
690981.40
688259.40
683985.80
680938.40
680084.20
679273.00
676514.00
674589.80
672984.00
672388.80
671857.60
668687.00
665453.20
664474.20
663230.80
663205.60
662442.20
661182.80
659400.40
657762.60
657126.20
656952.40
656952.40
655951.20
654816.00
654602.20
654366.80
651214.60
650474.20
649424.80
649075.40
648681.20
647519.60
647466.80
647466.80
644444.20
644212.80
642879.60
641902.00
640030.60
639697.00
639697.00
639314.00
637830.00
636619.00
636222.00
633948.80
633464.20
632274.40
631812.80
630592.80
630006.40
628716.60
628716.60
628397.40
628397.40
627674.20
625675.80
624008.60
622479.00
622020.40
621699.40
621279.60
621279.60
620193.60
619094.00
619028.40
618430.60
618430.60
618008.40
615812.00
614581.40
614581.40
614242.20
613550.00
613350.40
612331.60
611408.40
611408.40
611408.40
611035.80
609080.20
608671.80
608362.00
607329.00
606545.00
606545.00
605374.20
604832.00
