406.54
406.54
406.54
406.54
406.487
406.487
406.487
406.487
401.41
401.41
391.623
388.794
388.794
387.598
387.598
387.598
386.073
381.485
381.485
381.485
377.8
377.8
377.225
375.027
375.027
371.924
370.376
369.402
369.402
367.632
366.195
366.195
365.551
365.551
363.916
361.302
361.302
361.302
361.302
361.165
361.165
361.165
360.28
360.28
359.654
359.019
356.942
355.771
355.771
355.771
354.415
354.415
353.635
352.849
352.849
352.849
352.463
352.463
352.463
350.593
350.593
350.593
349.455
349.455
349.329
347.896
344.102
344.102
344.102
344.102
344.102
344.102
344.102
342.038
342.038
342.038
342.038
342.038
342.038
342.038
342.038
342.038
341.452
339.86
338.157
338.157
338.157
338.157
338.157
338.157
338.157
336.425
336.425
336.339
336.339
336.157
334.199
334.199
334.199
329.214
