306390
302744
302744
302744
299878
299878
298109
298109
296793
295317
293830
293762
291383
291383
287142
285651
285522
285020
284270
284050
283549
279621
279621
277444
277444
276791
276791
275816
273689
272396
272396
272396
268718
266536
266536
266536
264795
264795
264795
264795
264065
263769
263747
263362
263362
262955
262955
261051
261051
260242
260242
258338
258338
258322
258080
258080
258080
257608
257608
257608
257608
257385
257340
254530
254530
254530
254530
254530
254530
252551
252162
252162
250341
250341
250341
250341
248578
248578
248578
248578
248167
247662
246568
246568
246568
246568
246568
246568
244217
244217
244217
244217
243974
243974
242606
242606
242363
242171
241671
241671
