732287
732287
718227
717301
707962
707962
703362
703362
703362
698719
687638
687638
687638
682247
671329
667017
667017
662295
662295
652826
652826
652826
649344
647063
647063
647063
647063
647063
640052
634585
634585
634585
630772
630772
630772
630772
630772
630772
630772
630772
630772
618576
618486
618486
612689
612689
612689
612689
612689
612689
606349
606349
606349
606349
606349
606349
605205
605205
604030
604030
599271
599271
599271
598921
598921
598866
598866
594205
591090
591090
591090
587003
587003
586469
586469
586469
586469
586469
586469
583908
583908
583908
583424
581817
579513
579513
579513
567904
567904
567904
567904
567904
567904
567904
567904
567904
567257
562967
562214
562214
