416.798
411.35
411.35
406.194
405.086
405.086
405.086
405.086
405.086
405.086
398.939
396.939
396.939
396.361
396.361
394.986
394.175
389.215
389.215
389.215
389.215
389.215
389.215
387.601
387.601
386.236
382.572
382.502
382.502
382.502
374.149
371.764
371.764
370.323
368.917
368.917
368.183
368.183
367.239
366.968
366.308
365.832
365.578
362.546
362.546
362.546
362.546
362.546
362.546
362.546
362.546
362.546
362.514
362.514
355.31
355.31
355.31
355.31
355.31
354.788
354.788
354.788
354.788
354.788
354.788
353.702
353.702
353.702
353.702
353.702
353.702
353.702
353.702
353.189
353.189
353.189
353.189
353.189
353.189
353.189
344.953
344.953
344.953
344.953
344.953
344.953
344.953
344.953
344.953
344.953
344.953
344.953
340.011
340.011
340.011
340.011
340.011
339.15
339.15
339.15
