1.55312e+06
1.55312e+06
1.54216e+06
1.54216e+06
1.54216e+06
1.50999e+06
1.50582e+06
1.50582e+06
1.49174e+06
1.49174e+06
1.49174e+06
1.46851e+06
1.46851e+06
1.45708e+06
1.45708e+06
1.45708e+06
1.45708e+06
1.45708e+06
1.45445e+06
1.45445e+06
1.45283e+06
1.45283e+06
1.45283e+06
1.44734e+06
1.44734e+06
1.43904e+06
1.43904e+06
1.43904e+06
1.43877e+06
1.43347e+06
1.43347e+06
1.43347e+06
1.43347e+06
1.4245e+06
1.4245e+06
1.4245e+06
1.41878e+06
1.41878e+06
1.41878e+06
1.41259e+06
1.40729e+06
1.40729e+06
1.3936e+06
1.3936e+06
1.3936e+06
1.3936e+06
1.3936e+06
1.3936e+06
1.3936e+06
1.3936e+06
1.36965e+06
1.36965e+06
1.36965e+06
1.36965e+06
1.36965e+06
1.36558e+06
1.36558e+06
1.36521e+06
1.36521e+06
1.3599e+06
1.3579e+06
1.35649e+06
1.3526e+06
1.3526e+06
1.3526e+06
1.34711e+06
1.34167e+06
1.34167e+06
1.34167e+06
1.34167e+06
1.34167e+06
1.33679e+06
1.33679e+06
1.33679e+06
1.33324e+06
1.33077e+06
1.32789e+06
1.32789e+06
1.32789e+06
1.32789e+06
1.32466e+06
1.32466e+06
1.32466e+06
1.32056e+06
1.3203e+06
1.3203e+06
1.31579e+06
1.31579e+06
1.31579e+06
1.31295e+06
1.31045e+06
1.31045e+06
1.30397e+06
1.30397e+06
1.30397e+06
1.30397e+06
1.30397e+06
1.29712e+06
1.29712e+06
1.29712e+06
