678847
678847
678847
678847
678847
678346
678346
674292
674292
674292
671387
671387
670123
670123
669481
669481
668432
668021
665766
664264
656236
656236
656236
656236
654828
654216
654216
653678
653678
651463
651463
651231
649603
649603
649603
649603
644291
644291
643579
643579
643579
643579
643579
642258
642173
633789
633789
633789
633789
633789
633789
633789
633789
633789
633789
633789
632767
632616
632579
627745
627745
624399
624399
618045
618045
618045
618045
618045
618045
618045
618045
618045
614364
614364
614364
614364
613974
613974
611668
611668
611668
609360
609360
604528
604528
603914
603914
603914
603914
603039
603039
603039
603039
603039
602751
602751
602751
602751
601209
596321
