305537
305537
303942
303942
302296
302296
295216
295216
294299
294299
294299
294299
294299
291175
291175
289618
288174
286240
282118
282118
279734
277082
277082
275856
275856
275856
275856
272718
272718
272508
272508
272508
272508
272508
271500
271500
271500
268396
268396
268396
268396
268396
268396
268396
268396
266956
266956
266956
266314
266314
265652
262913
262913
262913
262913
262913
262913
262748
262748
259990
259990
259990
259990
259990
258579
258579
258579
258579
257321
257321
257321
257321
257321
257321
257321
256849
256849
256849
255943
255943
255836
253918
253918
253918
252435
252435
252435
252435
251809
251809
251757
251757
251757
251757
251757
251517
251500
251500
250860
250216
