1.00035e+06
1.00035e+06
1.00035e+06
1.00035e+06
999334
981793
981793
981793
976939
965593
965593
965593
965593
959066
959066
949881
949881
949692
938007
930890
930890
930890
927004
927004
927004
927004
927004
910070
910070
910070
909660
909660
909660
909660
909660
909660
908640
908640
907700
907700
907700
900461
900461
900461
894441
894441
893085
893085
893085
888496
886279
886279
874089
874089
874089
871499
871499
871499
871499
866877
866877
866877
862690
853850
853850
853850
853850
853850
853850
853098
851195
851195
850936
850936
842607
842607
842607
842607
832854
832854
832854
832854
832854
832854
832854
832854
832854
832760
831977
831977
831977
820552
820552
820552
820552
806987
806987
806987
806987
806987
