43766.8
43717.3
43211.6
43211.6
42627.7
42184.1
41710.7
41710.7
41295.2
41163.4
40735
40735
40355.5
40355.5
39553.5
39553.5
39553.5
39553.5
39484.7
39463.3
39463.3
39463.3
39225.6
39225.6
39010.2
38884.2
38884.2
38884.2
38772.4
38607
38607
38607
38568.8
38156.2
37910
37910
37910
37894.6
37894.6
37894.6
37894.6
37894.6
37370.1
37370.1
37370.1
37370.1
37370.1
37370.1
37370.1
37243
37243
36997.9
36962.1
36962.1
36962.1
36814.1
36672.1
36672.1
36672.1
36672.1
36538.1
36538.1
36253.7
36253.7
36089.9
36089.9
36089.9
36089.9
35829.8
35769
35730.9
35730.9
35341
35341
35341
35341
35341
35184.3
35184.3
35184.3
35184.3
35184.3
35106.5
35076.6
34572.3
34572.3
34572.3
34456
34076
34076
34076
34076
34076
33794.3
33794.3
33111.9
33111.9
33111.9
33111.9
33111.9
