499531
499334
499334
499334
499334
473725
473725
473725
469329
447335
447335
447335
429913
429913
429094
429094
424089
424089
420466
416194
416194
416194
416194
416194
408302
408302
408302
408219
408219
399565
399565
399565
394961
394961
394961
392237
392237
392237
392237
389312
388904
381367
378449
375561
375561
375561
375561
375561
374393
373897
364827
363084
363084
363084
363084
363084
363084
363084
361499
361499
361499
361377
361377
351217
351217
351217
351217
351217
349232
349232
349232
349232
349232
349232
347885
347885
347885
347885
347487
347487
347487
343851
336812
336812
336812
336812
336812
336812
336812
336812
336812
335077
335077
335077
335077
335077
327003
327003
327003
327003
