1.48521e+06
1.48429e+06
1.48429e+06
1.47862e+06
1.47862e+06
1.4719e+06
1.4719e+06
1.47156e+06
1.45321e+06
1.45321e+06
1.45032e+06
1.43849e+06
1.42603e+06
1.42603e+06
1.42603e+06
1.42484e+06
1.40936e+06
1.40936e+06
1.40936e+06
1.40475e+06
1.40475e+06
1.39539e+06
1.39461e+06
1.38967e+06
1.38967e+06
1.3888e+06
1.3849e+06
1.38346e+06
1.37901e+06
1.37123e+06
1.37123e+06
1.37123e+06
1.37123e+06
1.37123e+06
1.37123e+06
1.37123e+06
1.36758e+06
1.36583e+06
1.36052e+06
1.35543e+06
1.35262e+06
1.35262e+06
1.35262e+06
1.34568e+06
1.34317e+06
1.34317e+06
1.34317e+06
1.34317e+06
1.34186e+06
1.33703e+06
1.33703e+06
1.33242e+06
1.33242e+06
1.33242e+06
1.33053e+06
1.32729e+06
1.32729e+06
1.32729e+06
1.3264e+06
1.32554e+06
1.32554e+06
1.32446e+06
1.32047e+06
1.31812e+06
1.31812e+06
1.31436e+06
1.31436e+06
1.31436e+06
1.31436e+06
1.31436e+06
1.31417e+06
1.31417e+06
1.31417e+06
1.30985e+06
1.30985e+06
1.30985e+06
1.30968e+06
1.30968e+06
1.3058e+06
1.3058e+06
1.3058e+06
1.30155e+06
1.30155e+06
1.30155e+06
1.30155e+06
1.29926e+06
1.29683e+06
1.29445e+06
1.29445e+06
1.29445e+06
1.29163e+06
1.29163e+06
1.2812e+06
1.2812e+06
1.2812e+06
1.2812e+06
1.2812e+06
1.2812e+06
1.27928e+06
1.27928e+06
