1.4902e+06
1.4902e+06
1.4902e+06
1.48618e+06
1.48618e+06
1.48618e+06
1.46545e+06
1.46135e+06
1.45973e+06
1.44862e+06
1.44554e+06
1.44048e+06
1.44048e+06
1.44048e+06
1.43736e+06
1.43104e+06
1.43104e+06
1.42511e+06
1.42269e+06
1.42084e+06
1.42084e+06
1.41569e+06
1.4106e+06
1.4092e+06
1.40619e+06
1.39952e+06
1.39952e+06
1.39198e+06
1.39198e+06
1.39198e+06
1.38107e+06
1.38107e+06
1.38107e+06
1.38107e+06
1.38107e+06
1.38107e+06
1.38107e+06
1.38107e+06
1.37851e+06
1.37851e+06
1.37591e+06
1.37591e+06
1.37286e+06
1.37286e+06
1.36506e+06
1.36506e+06
1.36506e+06
1.36251e+06
1.36251e+06
1.36251e+06
1.36251e+06
1.34749e+06
1.34749e+06
1.34749e+06
1.34749e+06
1.34749e+06
1.33624e+06
1.33624e+06
1.33624e+06
1.33368e+06
1.33368e+06
1.33368e+06
1.33368e+06
1.33368e+06
1.33368e+06
1.327e+06
1.32555e+06
1.32533e+06
1.32533e+06
1.31687e+06
1.3156e+06
1.3156e+06
1.3156e+06
1.3156e+06
1.3156e+06
1.31043e+06
1.30664e+06
1.30664e+06
1.3064e+06
1.29773e+06
1.29709e+06
1.29709e+06
1.29111e+06
1.29049e+06
1.29049e+06
1.29049e+06
1.29049e+06
1.29049e+06
1.29049e+06
1.28974e+06
1.28861e+06
1.28861e+06
1.28861e+06
1.2844e+06
1.2844e+06
1.28292e+06
1.28242e+06
1.28206e+06
1.27672e+06
1.27375e+06
