110828
110828
110828
106176
106176
106176
103600
102330
102330
100311
100311
100311
97076.5
97076.5
96124
95837.4
94259.6
92311.4
92311.4
92311.4
92311.4
91016.8
91016.8
91016.8
91016.8
89456.1
89456.1
89456.1
89456.1
88539.4
88539.4
86965.4
86965.4
86965.4
86965.4
86965.4
86965.4
86965.4
86965.4
86710
86710
86710
86052.4
86052.4
86052.4
85914.3
85914.3
85914.3
85013.5
85013.5
85013.5
84793.7
84727.9
84727.9
84100.3
84100.3
83526.8
82626
82626
82626
82306.3
82260.1
82260.1
82260.1
82260.1
82260.1
82073.2
82073.2
82073.2
82073.2
82001.3
81997
81232.4
80826.3
80826.3
80826.3
80826.3
80826.3
80826.3
80826.3
80826.3
80826.3
80826.3
80826.3
80333
80333
80333
80333
80333
79384.1
79378.9
79378.9
79378.9
79378.9
79378.9
77335.7
77335.7
77335.7
77335.7
77335.7
