419.513
419.513
419.166
417.248
417.211
407.886
407.886
407.886
405.598
400.022
400.022
400.022
400.022
400.022
398.221
397.763
397.763
396.525
392.478
392.478
388.581
388.581
388.581
385.805
385.805
383.969
380.704
380.704
376.777
376.777
376.777
376.777
374.998
374.998
373.14
373.14
372.208
370.186
370.186
369.9
369.9
368.752
368.752
368.752
365.824
365.824
365.824
365.824
364.508
364.508
364.508
360.645
357.057
357.057
357.057
357.057
357.057
357.057
357.057
355.001
352.277
352.277
352.277
352.277
349.869
349.869
349.869
349.115
349.115
349.115
349.115
344.707
344.707
344.707
344.707
344.456
341.581
341.581
341.581
341.581
341.581
341.581
340.299
340.299
340.299
338.091
338.091
338.091
338.091
338.091
338.091
338.091
338.091
331.618
331.618
331.618
331.618
331.618
331.618
331.618
