500920
500920
498336
482121
482121
475635
475635
475635
474341
474341
474040
466417
466417
465195
464960
464651
462295
456772
453223
445666
445666
426518
423541
423351
423351
422940
422765
418958
418958
412457
411856
411856
411856
411856
411856
406415
400684
400684
398857
394138
394138
394138
393144
392034
382423
382423
382423
365668
365668
365668
365668
365668
365668
365668
365668
365668
360384
360384
360384
360384
360384
360384
360384
360384
360384
360384
360384
360384
360384
358534
356168
356168
356168
356168
356168
355229
354977
354977
354012
352862
352862
349636
349636
349636
349636
346481
346481
346481
346481
340866
340866
335140
335140
335140
335140
335140
335140
335140
335140
335140
