573756
573756
573756
573756
570794
570794
570794
570794
569000
569000
569000
565186
557493
556864
556864
556864
556152
554308
544979
544979
544170
529043
529043
523738
523738
523738
523738
523738
523738
523738
523738
520074
520074
520074
518713
512066
512066
512066
512066
511795
511795
511795
505250
504733
496591
495762
495762
495244
495244
494037
494037
487090
487090
487090
486232
486232
480291
480291
480291
480285
479472
476543
476543
476543
470574
470574
470574
470574
470574
470574
470574
469288
467778
464530
464530
464530
462686
462686
462686
462686
461048
461048
461048
458073
458073
458073
458073
458073
458073
458073
458073
457960
457353
454909
454909
454909
454909
449783
449783
449783
