744994
744994
743170
743170
735422
730468
725652
716029
716029
708461
708461
708461
697959
697959
691184
691184
680907
680907
678642
678642
678642
677547
677547
672603
670321
670321
670321
670321
670259
668600
657973
657973
657973
651605
646353
646353
646353
641704
641704
641704
635358
634700
634700
633513
633513
633513
626381
626381
626381
626381
626381
626381
622527
619453
619453
607215
607215
607215
607215
607215
607215
607215
606814
606814
606580
606580
606580
606580
605477
605095
605095
598163
598163
595653
594089
594089
589105
589105
589105
589105
587305
587305
587305
587305
587305
587305
581734
581734
581734
573130
573130
573130
573130
573130
573130
573130
573130
573130
572352
571350
