20603.9
20603.9
20603.9
20603.9
20154
20154
20147.2
20101.5
20101.5
19967.8
19967.8
19967.8
19967.8
19803.7
19803.7
19572.4
19564.8
19480.8
19480.8
19474.7
19474.7
19415.9
19223.5
19223.5
19223.5
19037.9
19037.9
18881.4
18881.4
18881.4
18693.9
18693.9
18693.9
18563.1
18563.1
18563.1
18307.7
18307.7
18307.7
18307.7
18245.9
18245.9
18198.1
18179.2
18126.8
18126.8
18126.8
18072
18069.3
18069.3
17972.5
17972.5
17972.5
17945.7
17945.7
17917.6
17917.6
17850.6
17782.1
17776.4
17625.4
17625.4
17625.4
17625.4
17601.8
17601.8
17601.8
17601.8
17562.3
17535.2
17535.2
17515.6
17515.6
17433
17393.6
17393.6
17319.2
17319.2
17319.2
17317.3
17317.3
17155.6
17155.6
17155.6
17155.6
17155.6
17115.2
17115.2
17115.2
17079.3
17072
17072
17015.8
16936.7
16936.7
16905.8
16896.8
16896.8
16896.8
16896.8
