106451
105392
105392
105392
101571
101571
101571
101571
101571
100794
100636
98340.8
98340.8
97407.2
96326.9
96326.9
95005.2
95005.2
94141.9
94141.9
92250.7
92250.7
91437.7
90464.9
90464.9
89149.5
89149.5
87904.8
87904.8
87304.5
86329.3
86329.3
85823
85823
84781.4
84380.3
84337.3
84337.3
84252.9
84252.9
83886.3
83263.2
82868.4
82868.4
81373.4
80978.3
80514.6
80514.6
80343.1
80215.7
79411.9
79411.9
79411.9
79411.9
79411.9
79411.9
79411.9
78291.9
78291.9
78291.9
78282
78282
78282
78282
78282
78282
75895.8
75895.8
75895.8
75895.8
75895.8
75895.8
75895.8
75895.8
75768.4
75768.4
75768.4
75768.4
75768.4
75639.4
74690.2
74690.2
74690.2
74690.2
74231
73598.8
73598.8
73598.8
73598.8
73598.8
73598.8
73196.2
71784
71784
71784
71784
71784
71784
71784
71690.3
