1.57061e+06
1.56883e+06
1.55789e+06
1.55789e+06
1.55789e+06
1.55636e+06
1.54967e+06
1.52863e+06
1.52163e+06
1.51158e+06
1.51158e+06
1.51158e+06
1.51158e+06
1.51154e+06
1.51154e+06
1.50359e+06
1.5015e+06
1.49847e+06
1.4796e+06
1.4796e+06
1.4796e+06
1.4796e+06
1.47542e+06
1.47542e+06
1.47542e+06
1.47542e+06
1.46154e+06
1.46154e+06
1.46154e+06
1.46154e+06
1.46113e+06
1.45612e+06
1.45612e+06
1.45612e+06
1.45501e+06
1.4548e+06
1.4548e+06
1.45269e+06
1.44368e+06
1.44368e+06
1.44368e+06
1.44368e+06
1.44368e+06
1.44219e+06
1.43552e+06
1.43488e+06
1.43488e+06
1.4234e+06
1.4234e+06
1.4234e+06
1.41433e+06
1.41433e+06
1.41433e+06
1.41433e+06
1.40819e+06
1.40819e+06
1.40646e+06
1.40646e+06
1.40646e+06
1.40646e+06
1.40088e+06
1.40088e+06
1.40088e+06
1.40088e+06
1.40088e+06
1.39969e+06
1.39556e+06
1.38443e+06
1.38443e+06
1.37939e+06
1.37939e+06
1.37939e+06
1.37885e+06
1.37885e+06
1.37667e+06
1.36844e+06
1.36844e+06
1.36798e+06
1.36798e+06
1.36774e+06
1.36566e+06
1.3634e+06
1.36295e+06
1.36295e+06
1.36295e+06
1.36295e+06
1.35981e+06
1.35875e+06
1.35802e+06
1.3547e+06
1.3547e+06
1.34827e+06
1.34827e+06
1.34827e+06
1.34827e+06
1.34821e+06
1.34821e+06
1.34665e+06
1.33336e+06
1.33112e+06
