42910.6
42751.5
42751.5
42342.2
42342.2
42342.2
41633.7
41633.7
41245.2
40563.9
40563.9
39821.9
39821.9
39821.9
39821.9
39356.8
38854.7
38854.7
38695.1
38522.5
38491.3
38120.8
37125.5
37125.5
37125.5
37125.5
37125.5
37125.5
36868.9
36868.9
36868.9
36868.9
36868.9
36384.2
36300.2
36274.6
35845.1
35845.1
35845.1
35740.9
35638.9
35266.3
35266.3
35266.3
35266.3
35266.3
35266.3
34896
34759.5
34759.5
34759.5
34598.2
34598.2
34598.2
34597.3
34078.6
33926
33830.3
33830.3
33752.4
33613.8
33613.8
33413
33413
33413
33413
33413
33413
33345.6
33345.6
33345.6
33337.4
33337.4
33248.2
33021.5
33021.5
33021.5
32925.1
32831.8
32831.8
32831.8
32603.2
32555
32450.1
32450.1
32450.1
32450.1
32450.1
32450.1
32450.1
32450.1
32236
32236
32236
31798.7
31798.7
31798.7
31798.7
31798.7
31798.7
