1.55021e+06
1.55021e+06
1.55021e+06
1.55021e+06
1.55021e+06
1.52048e+06
1.52048e+06
1.52048e+06
1.52048e+06
1.52048e+06
1.52048e+06
1.50438e+06
1.50094e+06
1.50094e+06
1.49409e+06
1.48562e+06
1.47652e+06
1.47594e+06
1.46509e+06
1.46509e+06
1.46374e+06
1.46374e+06
1.46374e+06
1.45738e+06
1.45573e+06
1.45573e+06
1.45249e+06
1.45249e+06
1.4467e+06
1.4467e+06
1.4467e+06
1.44609e+06
1.4337e+06
1.4337e+06
1.4337e+06
1.43092e+06
1.43092e+06
1.42417e+06
1.42129e+06
1.42129e+06
1.42129e+06
1.42043e+06
1.42043e+06
1.41888e+06
1.41382e+06
1.41382e+06
1.4117e+06
1.4117e+06
1.40824e+06
1.40824e+06
1.40824e+06
1.39691e+06
1.39691e+06
1.39691e+06
1.39691e+06
1.39691e+06
1.3967e+06
1.3967e+06
1.3967e+06
1.39094e+06
1.38765e+06
1.3803e+06
1.37403e+06
1.37403e+06
1.37403e+06
1.37403e+06
1.37222e+06
1.36912e+06
1.36791e+06
1.36791e+06
1.36622e+06
1.36622e+06
1.36622e+06
1.36329e+06
1.36162e+06
1.35693e+06
1.35296e+06
1.35296e+06
1.35296e+06
1.35296e+06
1.35296e+06
1.33636e+06
1.33636e+06
1.33636e+06
1.33636e+06
1.33228e+06
1.33228e+06
1.32748e+06
1.32748e+06
1.32748e+06
1.32553e+06
1.32553e+06
1.32393e+06
1.32393e+06
1.31766e+06
1.3144e+06
1.3144e+06
1.3144e+06
1.30789e+06
1.30789e+06
