20525
20525
20201.3
20201.3
20150.8
20150.8
20058.9
20058.9
19802.8
19802.8
19783.3
19591.2
19591.2
19516.4
19516.4
19476.2
19371.8
19239.7
18947.1
18947.1
18902.1
18902.1
18902.1
18873.3
18873.3
18803.4
18732.3
18667.1
18621.2
18478.9
18443.1
18443.1
18413.2
18413.2
18374
18374
18374
18320.9
18302.6
18240.7
18221.9
18221.9
18196
18196
18158.8
18146.1
18138.5
18138.5
17996.1
17996.1
17996.1
17812.1
17812.1
17812.1
17812.1
17765.4
17765.4
17765.4
17705.9
17705.9
17676.4
17650.7
17551.8
17519
17519
17519
17519
17519
17454.6
17454.6
17454.6
17436.1
17352.5
17352.5
17352.5
17315.3
17288.9
17248.4
17199.6
17199.6
17020.9
17020.9
17020.9
17020.9
17020.9
17020.9
17020.9
17020.9
16893.3
16893.3
16833.7
16818.8
16818.8
16727.4
16727.4
16599.8
16583.6
16583.6
16564.3
16564.3
