494452
491800
491800
476847
476847
473428
468748
468748
465155
462966
462966
450532
450202
450202
437349
437349
435694
435694
434257
434257
434257
427847
427847
424332
418339
408941
408941
408941
408941
400539
400539
395543
395543
395543
395543
395543
395543
395543
395543
395543
393888
382332
382332
382332
382332
382332
382332
382332
382332
382332
379906
377480
377480
377274
377274
377140
369149
369149
369149
366075
366075
364013
364013
364013
363059
362659
360123
351206
351206
349203
347510
344422
337787
337787
337787
337787
337787
337787
337787
336997
336997
315210
315210
315210
315210
315210
315210
315210
315210
309513
309513
309513
309513
309513
309513
309513
309513
309328
309328
309328
