42780.5
42780.5
42459.1
42459.1
41841.3
41777.9
41590.9
41590.9
41457.9
41457.9
41457.9
40980.4
40602.7
40279.1
39898.4
39794.6
39794.6
39115.7
39115.7
39087.7
38851.1
38851.1
38733.3
38489
38330.3
38330.3
38330.3
38330.3
38330.3
38179.9
38179.9
38070.2
38070.2
37961.6
37865.3
37865.3
37865.3
37787.4
37787.4
37787.4
37758.9
37439
37290.7
37282.8
37282.8
37282.8
36204
36204
36204
36204
36204
36204
36204
36204
36204
36204
36204
36168.8
36168.8
35991
35745.1
35745.1
35631.4
35487.3
35487.3
35393.5
35163.3
35163.3
34410.7
34410.7
34410.7
34065.7
34065.7
33749.8
33749.8
33749.8
33749.8
33749.8
33749.8
33749.8
33749.8
33749.8
33552.7
33479.8
33479.8
33351
33133.2
33133.2
33064
33064
32863.3
32863.3
32863.3
32649.1
32593
32593
32146.6
32146.6
32146.6
32028.7
