107593.80
107192.80
106966.60
106950.00
106301.80
106191.80
105697.00
105498.60
104103.00
102513.40
101530.02
101163.32
99824.72
99361.52
98796.46
98461.44
97653.46
96921.80
96553.12
96467.18
95423.62
95302.88
95159.26
95147.70
95047.46
94451.38
93416.70
93168.08
92865.94
92477.76
91623.58
91376.92
90916.82
90126.96
89748.60
89748.60
89650.12
89163.24
89045.50
88880.84
88738.78
88620.86
88620.86
88302.48
88164.82
87492.98
87153.52
87153.52
86924.00
86911.68
86911.68
86772.66
86575.90
86090.88
85669.46
85585.20
85585.20
85152.60
85082.26
84514.08
84514.08
84347.14
84113.52
83947.34
83908.98
83804.94
83755.04
83437.36
83423.36
83154.62
82771.16
82711.20
82711.02
82646.72
82338.10
81935.84
81935.84
81913.32
81878.50
81515.40
81354.64
81237.02
80941.46
80633.62
80199.32
80199.32
79966.92
79948.06
79948.06
79948.06
79926.84
79769.08
79769.08
79463.24
79463.24
79399.50
78585.86
78562.30
78380.04
77753.92
