442.217
442.217
442.217
442.217
439.501
439.501
438.516
438.516
437.061
437.061
437.061
437.061
437.061
437.061
437.061
437.061
437.061
437.061
437.061
436.724
435.325
434.462
434.462
434.462
434.462
434.462
434.462
434.462
434.462
434.462
434.462
434.462
434.462
434.462
434.462
434.462
434.462
434.462
434.462
434.462
434.462
434.462
434.462
434.462
434.462
434.462
434.462
434.462
434.462
434.248
434.112
434.112
434.112
434.112
434.112
434.112
432.482
432.482
432.482
432.482
432.482
432.482
432.482
432.482
432.482
432.482
432.482
432.482
432.482
432.482
432.482
432.482
432.482
432.482
432.482
432.482
432.482
432.482
432.482
432.482
432.482
432.482
432.482
432.482
432.482
432.482
432.482
432.482
432.482
432.482
432.482
432.482
432.482
432.482
432.482
432.482
432.482
432.482
432.482
432.482
