236782
236782
236782
234042
234042
231688
231688
226726
224685
224458
222166
222166
220720
220159
212595
212595
207626
207626
207626
207626
205979
205979
204704
204472
200766
197378
194399
194399
194399
194399
193363
192910
192910
190624
190624
190624
190624
190624
187378
187378
187378
187378
187378
187378
187378
187378
187378
187378
187378
183861
183861
183861
183861
183861
183861
182119
182119
181077
181077
180438
180405
179873
179332
178663
178663
178663
177621
177621
177621
175876
175876
175876
175423
175423
174253
174253
173396
173396
173396
173396
171999
171999
171999
171999
170723
170723
170723
170723
170250
170250
170250
170075
170075
169803
169803
169166
169166
169166
165272
165272
