305780
305780
305780
305780
303993
303993
303742
299696
296939
296939
296939
288621
288329
284436
284436
284436
283785
283113
281198
281198
279201
279201
279019
279019
278050
276231
275710
275710
274837
274837
274837
274837
274837
270829
270829
270829
270829
270829
270829
270829
270829
269411
269411
269411
269411
269411
269411
269411
268575
268575
268575
268185
268185
265084
265084
265084
264840
264188
264188
264188
262780
262465
261552
261552
261552
261552
260985
260416
260416
260172
260046
259107
259107
259107
256419
256419
256419
256419
256386
256386
256386
256012
256012
256012
254168
254168
254168
254168
252540
252540
252540
252540
252540
252540
251500
249631
249631
249631
249011
249011
