1465106.00
1464720.00
1459924.00
1458702.00
1450624.00
1440802.00
1440802.00
1438648.00
1432386.00
1431000.00
1425848.00
1421348.00
1414936.00
1404306.00
1403484.00
1401258.00
1394596.00
1384768.00
1381430.00
1380128.00
1378438.00
1374394.00
1374394.00
1370630.00
1369848.00
1365624.00
1362800.00
1358674.00
1352634.00
1351972.00
1351938.00
1348772.00
1345190.00
1344664.00
1342486.00
1337916.00
1337916.00
1337584.00
1337342.00
1337326.00
1335606.00
1334890.00
1333452.00
1331618.00
1327274.00
1326242.00
1326220.00
1324630.00
1323180.00
1315736.00
1313584.00
1312946.00
1311770.00
1310566.00
1308192.00
1306136.00
1306136.00
1305710.00
1305452.00
1303940.00
1301630.00
1301052.00
1296180.00
1294506.00
1293198.00
1293198.00
1292328.00
1290290.00
1289378.00
1288736.00
1288062.00
1286706.00
1285412.00
1278464.00
1277574.00
1275660.00
1275660.00
1272952.00
1272510.00
1271908.00
1269618.00
1268414.00
1263888.00
1262512.00
1261924.00
1261348.00
1259442.00
1256630.00
1256264.00
1256230.00
1252958.00
1249578.00
1249578.00
1249470.00
1249330.00
1247816.00
1247816.00
1245146.00
1244120.00
1243730.00
