1.49234e+06
1.49234e+06
1.45256e+06
1.45256e+06
1.44784e+06
1.44784e+06
1.44784e+06
1.44784e+06
1.44784e+06
1.44784e+06
1.44066e+06
1.43848e+06
1.43571e+06
1.4238e+06
1.4238e+06
1.41446e+06
1.41446e+06
1.41446e+06
1.41446e+06
1.41025e+06
1.41025e+06
1.41025e+06
1.41025e+06
1.40356e+06
1.40356e+06
1.40331e+06
1.40277e+06
1.40277e+06
1.40277e+06
1.40226e+06
1.38825e+06
1.38825e+06
1.38825e+06
1.38127e+06
1.38127e+06
1.37683e+06
1.37683e+06
1.37058e+06
1.37058e+06
1.37058e+06
1.37058e+06
1.37058e+06
1.37058e+06
1.36993e+06
1.36782e+06
1.36129e+06
1.35656e+06
1.35656e+06
1.35656e+06
1.35656e+06
1.35656e+06
1.35396e+06
1.34936e+06
1.34936e+06
1.34514e+06
1.34514e+06
1.34514e+06
1.34511e+06
1.33969e+06
1.33969e+06
1.32908e+06
1.32908e+06
1.32908e+06
1.32908e+06
1.32908e+06
1.32908e+06
1.3241e+06
1.3241e+06
1.32317e+06
1.32317e+06
1.32113e+06
1.3193e+06
1.31145e+06
1.31145e+06
1.30857e+06
1.30857e+06
1.30857e+06
1.305e+06
1.305e+06
1.30335e+06
1.30335e+06
1.29758e+06
1.29758e+06
1.29758e+06
1.29758e+06
1.29471e+06
1.29471e+06
1.28685e+06
1.28685e+06
1.28354e+06
1.28354e+06
1.28354e+06
1.28354e+06
1.28354e+06
1.28354e+06
1.28354e+06
1.28269e+06
1.28269e+06
1.28269e+06
1.27773e+06
