501953
501953
498288
492434
492434
492434
471226
469729
469729
469729
469083
459906
459906
459906
447003
439475
439475
439475
439475
439475
439475
433416
429297
428341
419868
419868
404536
404536
404536
404380
400479
399327
381623
381623
381623
381623
381623
381623
381623
381623
381623
381252
367763
367763
367763
367763
367763
367763
367763
367763
367763
367763
367763
367763
359373
359373
359373
359373
352406
346092
346092
346092
346092
346092
346092
346092
346092
346092
337891
337891
337891
337891
337891
337891
337891
337891
337891
337891
337891
331424
331424
331424
327238
327238
327238
327238
327238
327238
326857
326857
326857
326857
326857
326857
326857
326857
326857
305523
305523
305523
