1024028.60
1022766.60
1021528.60
1018430.60
1015962.60
1011904.60
1006473.80
997957.00
996885.00
993016.20
991768.40
989265.60
987385.00
981684.60
978770.40
975494.00
971146.80
961833.60
959159.40
959084.40
956548.20
955562.00
952297.20
951196.40
949673.60
947224.40
943894.20
943894.20
941298.00
939509.00
933449.40
933270.60
932942.20
929209.40
928906.40
928748.60
928532.00
928532.00
927434.40
924593.00
924458.20
924458.20
923578.00
922768.80
922358.00
921356.00
920366.40
918983.20
914979.20
913728.60
912312.40
910690.60
910246.20
907946.80
907534.60
905654.60
903075.80
902786.00
901500.40
901370.80
900296.20
900098.60
895153.60
894280.40
891203.00
890889.00
889532.00
888868.00
885999.60
885999.60
885620.00
883671.00
882071.00
881618.80
879379.60
878725.20
877392.80
875316.20
875316.20
873977.40
873464.80
870257.00
868476.80
867905.40
866931.00
865100.60
865100.60
864850.80
864582.40
857018.40
856871.40
856801.80
853754.40
853173.00
852869.40
851635.40
851518.00
851371.80
851079.60
850517.00
