747102.00
742453.00
739324.20
732573.20
729196.20
729087.40
728371.20
721520.20
715044.20
711663.60
705594.00
701889.80
696513.80
694532.60
688771.20
688771.20
687357.60
682842.20
681122.60
679482.60
676830.00
673739.40
672663.20
669875.20
665259.00
664772.60
663679.40
663365.40
663365.40
659733.60
658565.80
655537.60
644916.60
644916.60
644658.40
644398.00
644398.00
641749.60
641395.80
641395.80
638739.80
638323.80
638146.20
635664.60
635664.60
632851.00
631387.60
631243.40
631243.40
629055.80
628783.40
627445.60
627227.00
625902.20
624517.80
621530.60
618502.60
616587.20
616053.60
615466.40
614932.80
612392.40
610014.60
608139.00
608139.00
605955.20
603747.60
602588.00
600764.00
599142.40
599142.40
597902.00
597477.20
595993.20
595276.00
595276.00
594891.60
594891.60
592747.20
591376.80
589790.80
588036.00
587391.20
587391.20
587391.20
586712.60
581774.80
579330.40
579255.20
579029.60
577224.80
576801.40
576466.20
573301.20
572391.80
571724.00
571639.20
571639.20
568347.20
567945.80
