564362
556074
547737
547737
547737
547737
542423
542423
542423
542423
537079
537079
537079
531627
529990
529990
523688
518467
517189
517189
514304
510735
510735
510735
505826
504379
504379
504379
504379
504025
504025
503115
503115
503115
500943
500943
500943
500943
496945
496945
496945
496945
496945
496945
492980
492980
492980
492980
492980
492980
491106
489963
489963
489963
485415
485415
485415
485415
485397
485397
484395
484143
478029
478029
478029
478029
478029
478029
478029
478029
478029
478029
478029
478029
478029
474573
474573
474573
474573
474573
473054
473054
471683
471683
471683
471407
471407
466029
466029
466029
466029
466029
466029
466029
466029
466029
465925
465925
463753
463753
