694189
694189
694189
694189
694189
692101
688363
688363
681347
681347
668945
668945
668945
668945
668945
668945
668945
668865
667968
665691
663605
663050
660060
659011
656151
656151
655171
655171
651607
651607
648475
648475
648475
646326
642031
642031
642031
642031
642031
641021
640955
640955
640955
640115
636014
636014
636014
636014
636014
636014
636014
636014
635563
635563
632962
631691
628981
627781
627781
627781
626848
626848
624833
619235
619235
619235
619235
618971
618971
618135
617837
617837
615623
615623
615623
613330
613330
613330
613330
613330
613330
611354
611354
611354
610485
609873
609873
609873
609873
609698
609698
606160
606160
606160
606160
605056
605056
605056
605056
605056
