714.103
480.329
465.469
447.927
442.242
442.242
442.242
433.371
433.371
433.371
425.694
419.136
419.136
419.136
419.136
419.136
419.136
419.136
419.136
419.136
419.136
419.136
419.136
419.136
419.136
419.136
419.136
419.136
419.136
419.136
419.136
419.136
419.136
419.136
419.136
419.136
419.136
419.136
419.136
419.136
419.136
419.136
419.136
419.136
419.136
419.136
419.136
419.136
419.136
419.136
419.136
419.136
419.136
419.136
419.136
419.136
419.136
419.136
419.136
419.136
419.136
419.136
419.136
419.136
419.136
419.136
419.136
419.136
419.136
419.136
419.136
419.136
419.136
419.136
419.136
419.136
419.136
419.136
419.136
419.136
419.136
419.136
419.136
419.136
419.136
419.136
419.136
419.136
419.136
419.136
419.136
419.136
419.136
419.136
419.136
419.136
419.136
419.136
419.136
419.136
