1564270.00
1562040.00
1552428.00
1548004.00
1537254.00
1534096.00
1532812.00
1522148.00
1517632.00
1511522.00
1506748.00
1502388.00
1492304.00
1487840.00
1477570.00
1472542.00
1468578.00
1463078.00
1460876.00
1455914.00
1443260.00
1441788.00
1437956.00
1435274.00
1432336.00
1430354.00
1430354.00
1428506.00
1425788.00
1423570.00
1421560.00
1419966.00
1417614.00
1414580.00
1414514.00
1413620.00
1413134.00
1410194.00
1407874.00
1406038.00
1405660.00
1401790.00
1398108.00
1397674.00
1392076.00
1392074.00
1386738.00
1385080.00
1384154.00
1382426.00
1381026.00
1380846.00
1380846.00
1378858.00
1373468.00
1372262.00
1369170.00
1367814.00
1364398.00
1363036.00
1355802.00
1355756.00
1354452.00
1352070.00
1349872.00
1348586.00
1348370.00
1345396.00
1344166.00
1340474.00
1338674.00
1338148.00
1337398.00
1336728.00
1334418.00
1329094.00
1327768.00
1326636.00
1326618.00
1322626.00
1320682.00
1320438.00
1317002.00
1315266.00
1314254.00
1313208.00
1311066.00
1309096.00
1307868.00
1305454.00
1305454.00
1304114.00
1300652.00
1299744.00
1299408.00
1293782.00
1292842.00
1290244.00
1287428.00
1286428.00
