1437.61
1400.42
1392.95
1392.95
1335
1335
1335
1335
1296.6
1278.01
1278.01
1229.89
1229.89
1229.89
1229.89
1229.89
1193.79
1193.79
1193.79
1193.79
1167.47
1167.47
1167.47
1147.82
1147.82
1147.82
1133.81
1133.81
1133.81
1130.81
1130.81
1110.96
1110.96
1110.96
1110.96
1110.96
1110.96
1110.96
1110.96
1104.85
1098.88
1078.11
1078.11
1078.11
1070.08
1070.08
1070.08
1070.08
1070.08
1028.31
1028.31
1023.12
1023.12
989.689
989.689
987.931
987.931
987.931
987.931
987.931
987.931
987.931
987.931
987.931
987.931
987.931
986.099
986.099
978.843
941.029
941.029
941.029
941.029
941.029
941.029
941.029
939.743
939.743
939.743
939.743
939.743
932.011
932.011
932.011
932.011
932.011
926.213
926.213
926.213
910.885
910.885
910.885
910.885
910.885
910.885
910.885
910.885
910.885
910.885
910.885
