260975
202055
174638
156015
140310
119981
119981
119981
107864
102617
99067.1
94201
82114.1
79686.9
72199.5
71863.3
68227
60174.5
56521.2
53725
48875.1
47555.3
39884.1
39884.1
38102.2
36358.8
35030.5
35030.5
34452.8
34452.8
32753.3
31652.4
31399.6
31191.5
31191.5
31191.5
31191.5
30780.2
30780.2
30780.2
30780.2
30780.2
30780.2
30780.2
30780.2
30780.2
30780.2
30780.2
30780.2
30780.2
30780.2
30780.2
30780.2
30780.2
30780.2
30780.2
30780.2
30780.2
30780.2
30780.2
30780.2
30780.2
30780.2
30684.7
30684.7
30684.7
30684.7
30684.7
30670.5
30670.5
30618.7
30618.7
30618.7
30618.7
30261
30261
30261
30261
30261
30261
30261
30261
30261
30261
30261
30261
30261
30261
30261
30261
30261
30261
30261
30261
30261
30261
30261
30261
30261
30261
