514289
511735
506520
497002
497002
484515
475474
475474
465565
454938
454938
454938
454408
454408
447152
447152
442290
442290
439064
439064
433521
433521
431514
430546
423631
423631
423631
423631
423631
423631
423631
419384
418536
416314
412416
406560
406560
402815
402815
402352
381543
375100
375100
375100
375100
375100
375100
375100
374647
374647
374647
373842
367354
367354
364451
363164
360615
360615
360615
360615
360615
360615
360615
359301
359301
358289
358289
358289
355395
355395
355395
355395
353787
353787
353787
352654
350365
350365
350365
350365
344964
344964
344964
344964
344964
344964
344583
344583
344583
343345
339949
339949
339949
339871
339871
338082
338082
338082
338082
335812
