1.51043e+06
1.48091e+06
1.45278e+06
1.45278e+06
1.45278e+06
1.45278e+06
1.45278e+06
1.45278e+06
1.45278e+06
1.45278e+06
1.44667e+06
1.44314e+06
1.42464e+06
1.42464e+06
1.41105e+06
1.40531e+06
1.39486e+06
1.39486e+06
1.39486e+06
1.37974e+06
1.37974e+06
1.36611e+06
1.35858e+06
1.35858e+06
1.35858e+06
1.35292e+06
1.34889e+06
1.34289e+06
1.34011e+06
1.33818e+06
1.33813e+06
1.32803e+06
1.32803e+06
1.32803e+06
1.32426e+06
1.31472e+06
1.31472e+06
1.31472e+06
1.31472e+06
1.30849e+06
1.30849e+06
1.30849e+06
1.30524e+06
1.30524e+06
1.30524e+06
1.30524e+06
1.29847e+06
1.29704e+06
1.29544e+06
1.29523e+06
1.29523e+06
1.28592e+06
1.28592e+06
1.2799e+06
1.2799e+06
1.27662e+06
1.269e+06
1.269e+06
1.269e+06
1.26819e+06
1.26819e+06
1.26774e+06
1.25537e+06
1.25036e+06
1.25036e+06
1.25036e+06
1.25036e+06
1.25036e+06
1.22174e+06
1.22174e+06
1.22174e+06
1.22174e+06
1.22174e+06
1.22171e+06
1.22171e+06
1.22171e+06
1.21961e+06
1.21474e+06
1.21474e+06
1.21474e+06
1.21261e+06
1.20913e+06
1.20909e+06
1.20262e+06
1.20262e+06
1.20262e+06
1.19385e+06
1.19385e+06
1.19385e+06
1.19385e+06
1.19385e+06
1.19385e+06
1.19385e+06
1.19176e+06
1.18859e+06
1.18859e+06
1.18859e+06
1.18375e+06
1.18375e+06
1.18375e+06
