1.01513e+06
1.01513e+06
1.00802e+06
1.00802e+06
994045
994045
974415
974415
974415
968528
967819
960750
959292
951226
936962
936712
931096
921253
911607
911607
911607
909175
908732
908732
907599
906282
904812
895457
895457
895457
895457
895457
895457
894964
894964
894964
894171
891582
891582
891582
889414
889414
880570
880570
880570
880570
880570
879712
879712
876885
876885
867889
867030
867030
867030
867030
861065
861065
860970
860970
860093
858719
858719
858059
853370
853370
853370
851868
851868
851053
851053
847463
847463
845991
845991
845991
845991
841001
841001
841001
841001
840545
828622
828622
828622
828622
828622
828622
828622
828622
820323
820323
816256
816256
816256
816256
816256
816256
816256
810195
