1.00699e+06
1.00699e+06
1.00699e+06
1.00699e+06
1.00699e+06
990870
990870
990870
980190
980190
964727
964076
964076
963301
958789
950960
949539
938973
935652
935652
929650
929650
929650
928515
928515
922864
922864
915558
915558
915558
915558
915558
914273
911884
909506
909506
909506
909506
900347
898559
898559
898559
896342
895667
895667
895667
888739
888739
887983
885614
881010
881010
881010
881010
881010
881010
881010
877749
874808
872975
872975
866380
866380
866380
863498
860583
860583
859140
859140
859140
859140
859095
841302
841302
841302
841302
841302
841302
841302
841302
841302
841302
841302
841302
841302
841205
841205
834464
828832
828832
828832
828832
828832
828832
828832
828832
823961
823961
820916
820916
