501724
501724
501724
501724
501724
501461
494067
494067
489434
479954
460986
460986
460986
449659
449659
449659
443632
443632
443632
443632
443632
441607
441607
441607
429181
429181
429181
429181
429181
419453
419453
419453
419453
419453
419453
419453
419453
419453
418977
418977
416771
416771
412281
412281
412281
412281
409837
407469
407469
400120
400120
400120
400120
400120
400120
400120
400120
398578
398578
396772
396772
396772
390176
390176
388681
388681
388371
388371
388371
387971
387971
387971
385547
385547
382746
382746
382746
377832
377832
377832
377832
377832
377832
374544
374544
367778
366991
363216
363216
362644
361103
359928
359928
359928
349868
349868
349515
349515
349515
349515
