1.46283e+06
1.46283e+06
1.46283e+06
1.46283e+06
1.46283e+06
1.46283e+06
1.46283e+06
1.46283e+06
1.46283e+06
1.45647e+06
1.45224e+06
1.43186e+06
1.43186e+06
1.4212e+06
1.4212e+06
1.42072e+06
1.40479e+06
1.40479e+06
1.40479e+06
1.40479e+06
1.3825e+06
1.38118e+06
1.38118e+06
1.38118e+06
1.38118e+06
1.38118e+06
1.38118e+06
1.37517e+06
1.36953e+06
1.36953e+06
1.36953e+06
1.36154e+06
1.36154e+06
1.36154e+06
1.36154e+06
1.36154e+06
1.36154e+06
1.3548e+06
1.3548e+06
1.3548e+06
1.3548e+06
1.3548e+06
1.3548e+06
1.34549e+06
1.34399e+06
1.34399e+06
1.34399e+06
1.33804e+06
1.33804e+06
1.33558e+06
1.32472e+06
1.32472e+06
1.32472e+06
1.32271e+06
1.3092e+06
1.30727e+06
1.30727e+06
1.30727e+06
1.30258e+06
1.30258e+06
1.30258e+06
1.30065e+06
1.30065e+06
1.29837e+06
1.29837e+06
1.29837e+06
1.29569e+06
1.29569e+06
1.28808e+06
1.28616e+06
1.28616e+06
1.28616e+06
1.28591e+06
1.28591e+06
1.28591e+06
1.28211e+06
1.28211e+06
1.28158e+06
1.28158e+06
1.27881e+06
1.27881e+06
1.27881e+06
1.27353e+06
1.27353e+06
1.27353e+06
1.26578e+06
1.26578e+06
1.26558e+06
1.26558e+06
1.26558e+06
1.25981e+06
1.25981e+06
1.25981e+06
1.25919e+06
1.25919e+06
1.25919e+06
1.25398e+06
1.25164e+06
1.25164e+06
1.24768e+06
