1424.41
1424.41
1424.41
1424.41
1367.45
1339.49
1313.34
1313.34
1280.3
1280.3
1280.3
1280.3
1280.3
1280.3
1238.65
1236.77
1215.33
1215.33
1197.37
1197.37
1183.38
1183.38
1183.38
1157.79
1156.52
1156.52
1156.52
1144.05
1144.05
1127.25
1127.25
1127.25
1127.25
1127.25
1127.25
1127.25
1127.25
1121.8
1116.04
1111.17
1111.17
1102.44
1102.44
1102.11
1102.11
1102.11
1083.15
1083.15
1071.76
1071.76
1071.76
1068.41
1068.41
1067.59
1052.47
1052.47
1048.41
1048.41
1044.67
1033.18
1033.18
1033.18
1033.18
1033.18
1017.62
1017.62
1017.62
1017.62
1017.62
1005.56
1005.56
1005.56
1005.56
991.827
991.827
991.827
987.611
972.777
972.777
972.777
972.777
961.82
961.82
961.82
961.82
961.82
961.82
961.82
957.226
957.226
957.226
957.226
957.226
957.226
957.226
942.596
931.769
931.769
930.803
930.803
