411.572
411.572
411.572
411.572
403.777
403.777
403.777
403.441
399.556
399.556
398.066
384.922
384.922
384.922
384.922
384.922
384.922
384.922
381.234
381.234
368.711
368.711
368.711
368.711
368.711
368.711
368.711
368.711
368.711
368.711
368.711
368.711
368.4
364.243
364.243
364.243
362.895
362.716
360.706
360.706
360.706
360.706
360.706
359.11
359.11
358.85
358.85
358.187
358.041
358.041
358.041
358.041
353.735
353.735
353.735
353.735
353.735
353.735
348.097
348.097
348.097
348.097
348.097
347.855
347.855
344.948
344.948
344.948
344.948
344.948
344.948
343.752
343.752
343.752
342.768
342.049
342.049
342.049
342.049
336.813
336.583
336.583
336.583
336.583
336.583
336.583
336.583
331.242
331.242
331.242
331.242
331.242
327.796
327.796
327.796
327.796
327.796
327.796
327.796
327.796
