20674.38
20654.42
20513.26
20377.10
20195.62
20183.50
20114.36
20022.50
19942.70
19792.80
19738.40
19624.94
19582.86
19532.86
19516.82
19452.20
19427.16
19378.46
19242.02
19201.20
19142.10
19057.20
19035.44
18979.80
18965.72
18908.10
18846.18
18838.64
18810.14
18707.78
18674.00
18674.00
18608.98
18605.02
18572.42
18546.16
18545.34
18495.92
18474.30
18452.76
18423.94
18413.02
18383.96
18353.06
18319.40
18238.40
18223.28
18210.42
18206.28
18181.72
18144.38
18060.82
18051.48
18008.76
17994.66
17990.16
17975.68
17949.74
17907.00
17844.64
17827.16
17827.16
17763.28
17738.70
17734.90
17720.56
17685.24
17611.06
17604.58
17604.58
17604.58
17590.12
17575.10
17567.32
17555.58
17538.74
17512.36
17491.50
17456.00
17417.24
17417.24
17404.02
17351.18
17302.52
17292.52
17160.96
17150.64
17136.68
17136.68
17130.62
17068.16
17037.58
17016.44
16982.90
16952.16
16950.92
16950.92
16914.82
16905.40
16885.38
