713520
713520
713520
713520
713520
713520
712532
712532
712532
712532
710111
710111
710111
705716
704047
703752
701453
685285
685285
685285
685285
685285
685285
683731
681260
681260
681260
680452
677141
677141
677141
677141
677141
675297
675297
673668
671049
671049
667795
667795
656571
656571
656156
656156
650988
646444
646444
643749
643749
643227
638956
632032
632032
632032
632032
632032
623234
614556
614556
614556
614556
614556
614556
614556
604062
604062
601777
601777
601777
601777
601585
596442
596442
596442
596442
596442
592690
590463
590459
590459
588177
588177
588177
588177
585115
585115
585115
585115
585115
585115
585115
581522
581522
581522
581522
581522
581522
581522
579619
579619
