302451
302451
302451
302451
302451
300205
300205
300205
297602
295777
295777
295777
290177
290177
287239
284683
283795
281373
281373
281373
281373
281373
281373
281373
278466
278466
277682
277288
277288
272753
272753
272753
272753
272753
272753
270148
269976
269976
268945
268945
267985
267985
266970
266970
266970
266970
266214
264756
263902
263902
263902
262715
262715
262715
262715
261987
261244
261244
259365
259365
259365
259365
259365
259365
259365
259365
259365
259365
259365
259365
259365
254690
254690
250900
250900
250900
250900
250900
250039
250039
250039
250039
250039
248259
248259
248259
248259
248259
248259
244284
244284
244284
244284
244284
244284
244284
244284
244284
244284
244284
