745953.40
740153.40
740153.40
736833.60
733808.60
729284.40
727039.60
719243.00
717529.60
717529.60
713497.40
711752.20
711079.60
710606.80
708296.40
707967.80
704810.80
704543.20
701282.60
697127.80
694889.40
693216.40
691223.40
690279.80
690287.00
686298.40
684814.60
683063.40
683063.40
682172.80
682172.80
682172.80
678913.20
677058.80
677044.60
674877.80
673743.40
673743.40
672032.60
667342.40
667342.40
665648.60
665648.60
664241.20
664241.20
663831.60
662909.80
661439.00
660425.80
657600.40
656099.00
655458.00
651432.60
651432.60
651432.60
650248.40
648648.80
648648.80
648462.00
648462.00
648380.80
648072.00
645758.40
644940.40
643919.00
642635.60
642618.60
642378.40
641957.60
641630.20
641280.00
641280.00
641280.00
640607.60
640269.00
640269.00
640269.00
641070.40
640956.80
640147.60
640147.60
640121.00
638172.60
637855.60
637500.80
636815.20
636815.20
635418.20
635418.20
635418.20
635418.20
634870.40
634176.40
633789.20
633789.20
633241.60
632672.40
630639.40
630639.40
630639.40
