949068.80
942749.40
938910.00
933721.40
931697.80
927047.60
925287.00
921554.80
918793.60
914907.20
911991.60
904127.80
902261.40
901437.60
901201.60
894029.00
890125.00
889217.20
889029.40
888037.40
884928.60
879521.20
877003.80
877003.80
872128.20
866530.20
860784.80
859708.00
859139.40
857643.80
857643.80
855931.40
854652.80
848666.60
847958.20
847532.00
846517.40
846492.60
846492.60
846219.00
845096.00
842868.60
841272.60
840008.80
837949.80
836494.60
836494.60
834196.80
832789.60
832356.00
828888.60
828629.40
826733.80
826276.00
825538.40
822673.60
822673.60
822673.60
822101.40
820777.80
820777.80
820777.80
820777.80
820415.80
819389.60
819389.60
819389.60
819219.80
819219.80
814892.20
814892.20
814507.60
814507.60
814337.60
814337.60
812680.00
811585.40
811585.40
811013.20
808876.20
808222.80
806185.00
806185.00
806185.00
805222.20
803048.60
803028.80
802676.00
802676.00
801236.60
798946.20
798946.20
798946.20
798946.20
798946.20
798465.60
796951.00
796951.00
796760.80
795928.40
