228554.40
228554.40
228032.20
227776.20
227158.40
225948.40
225214.80
225214.80
225177.20
224171.80
222366.60
221319.40
219537.60
219235.80
217641.60
217114.40
216213.00
215142.60
214447.60
213881.60
211290.20
211055.80
211055.80
210381.40
210161.00
208852.60
208804.40
207866.20
207659.80
207659.80
207659.80
207384.00
207330.00
206752.20
206552.80
206465.40
206453.00
205951.20
205951.20
205832.80
205832.80
205832.80
205832.80
205717.20
205117.60
205117.60
204807.40
204742.20
204344.40
203957.20
203957.20
203799.80
203658.80
202377.40
202376.80
202376.80
200928.20
200928.20
200434.40
200193.00
200193.00
199895.60
199844.60
199844.60
199422.80
199292.60
199292.60
199022.00
198986.20
198786.40
198540.60
198422.60
198422.60
197803.60
197803.60
197404.80
197327.20
197190.20
197190.20
196584.80
195827.40
195568.00
195345.20
195345.20
195345.20
195345.20
194918.60
194901.20
194558.60
194558.60
194749.60
194495.00
194395.40
194260.60
194208.80
193545.60
193545.60
193419.80
193419.80
193316.00
