308461.20
307811.20
307811.20
304831.80
303653.00
302328.00
301970.00
301970.00
301671.60
300815.00
299431.40
298254.60
298254.60
295957.40
295280.00
294010.20
292800.40
292660.20
290967.00
290261.60
288472.60
288428.20
286966.60
286426.80
285851.80
285413.00
285326.00
285106.60
285106.60
284681.00
284530.20
283436.40
281954.20
281770.40
281632.00
281380.00
281329.20
280640.20
280445.20
280141.00
279539.80
278904.60
278904.60
278892.00
278619.80
278541.80
277922.20
277922.20
277898.40
276998.40
276998.40
276383.00
276336.60
276182.20
275615.80
275512.20
274589.00
273918.20
273706.20
273706.20
273563.00
273563.00
273445.40
272309.60
272139.80
272088.00
271727.60
271727.60
271727.60
271620.60
271336.00
270475.20
270475.20
270396.00
269896.00
268694.00
268694.00
268563.80
268409.00
268138.00
267843.60
267609.20
267494.80
267494.80
267242.80
266975.60
266975.60
266835.40
266776.40
266712.00
266712.00
266712.00
266330.80
266330.80
266288.00
266288.00
266195.80
265803.40
265803.40
265624.60
