42327.54
42221.28
42128.56
41889.62
41634.10
41338.50
41164.36
40898.80
40804.20
40785.50
40216.26
40038.52
39947.74
39873.36
39873.36
39787.84
39747.58
39492.24
39321.14
39206.56
38991.68
38991.68
38915.64
38855.94
38811.04
38673.12
38667.28
38624.40
38468.18
38353.10
38352.76
38023.80
37947.26
37859.10
37827.10
37827.10
37810.02
37793.70
37754.62
37692.60
37692.60
37661.10
37477.50
37400.12
37342.44
37235.22
37212.48
37203.32
37178.30
37178.30
37030.18
37023.84
37023.84
36736.66
36669.98
36669.98
36634.64
36597.90
36597.50
36597.50
36570.40
36543.46
36513.08
36482.52
36458.52
36367.98
36367.98
36367.98
36367.98
36367.98
36421.94
36359.88
36359.88
36286.22
36179.38
36153.62
36108.98
36020.14
35887.62
35879.00
35879.00
35831.72
35831.72
35785.42
35785.42
35731.50
35629.22
35608.14
35595.10
35595.10
35570.92
35533.08
35501.04
35488.44
35432.78
35365.70
35325.60
35318.22
35318.22
35200.22
