303010.00
301550.80
300514.40
299714.60
298609.20
298609.20
296780.60
294563.00
293965.40
292723.20
291653.00
291119.40
290052.80
289344.00
289014.20
287698.60
287165.20
285547.80
285428.20
284192.40
282756.60
281315.20
280972.00
280906.40
280719.40
279798.40
279679.00
279648.40
278845.20
278784.20
278764.40
278764.40
278297.00
276928.40
276911.60
276063.60
276063.60
275870.00
273909.00
273485.00
273483.80
273483.80
273483.80
273214.20
273090.00
272776.60
272666.60
272237.20
272237.20
271638.00
271564.00
270407.60
270229.40
270229.40
270229.40
270011.80
270011.80
270011.80
269989.40
269989.40
269712.40
269615.80
269440.40
269400.20
269122.00
268968.60
268921.80
268596.80
268593.60
268240.20
267881.80
267662.40
266996.00
266959.80
266515.00
266515.00
266403.00
266051.80
265767.80
265623.80
265577.40
265413.80
265404.00
265075.60
265234.60
264641.60
263718.00
263468.40
263365.40
263365.40
263211.80
263211.80
263211.80
263160.20
263020.20
263020.20
262995.60
262995.60
262934.60
262498.80
