706145.60
704987.60
704189.60
701860.40
698806.00
697713.60
696600.40
692943.00
694198.00
694049.20
693520.80
690298.80
688893.40
687420.60
684088.20
683959.00
682197.00
682047.00
680626.00
680391.60
680391.60
678027.00
676725.40
675049.00
673898.00
673485.80
671590.60
670858.40
670610.80
670134.60
669062.00
666082.80
663535.00
662507.00
662507.00
661602.40
661562.20
660671.20
660239.40
659962.80
659777.60
659777.60
659774.80
659713.80
659278.40
659278.40
659278.40
659278.40
659278.40
658367.60
658260.00
658260.00
657450.80
657096.40
657096.40
656999.80
656528.80
656528.80
656528.80
656485.80
656485.80
656168.60
655274.80
655241.60
655241.60
655241.60
655241.60
654213.00
653545.20
652305.40
652305.40
652305.40
652305.40
650898.60
650490.20
650141.40
648154.40
648154.40
646656.00
646656.00
646656.00
646385.80
646385.80
646385.80
646385.80
645596.60
645276.80
644497.20
643423.20
642897.80
642398.40
642398.40
641771.00
641771.00
640703.40
640289.60
639202.60
638158.40
638158.40
638158.40
