1476752.00
1464286.00
1461860.00
1458914.00
1457338.00
1457338.00
1453034.00
1452336.00
1451786.00
1448678.00
1447824.00
1443968.00
1437902.00
1435788.00
1431972.00
1426724.00
1425872.00
1419150.00
1417550.00
1417356.00
1413078.00
1405524.00
1405524.00
1402402.00
1401478.00
1398904.00
1394722.00
1394722.00
1391226.00
1390166.00
1389484.00
1389484.00
1386948.00
1386948.00
1382002.00
1379476.00
1377672.00
1374210.00
1374210.00
1373426.00
1364316.00
1362766.00
1362628.00
1363086.00
1363086.00
1359510.00
1359088.00
1359076.00
1358738.00
1357512.00
1357512.00
1357512.00
1356592.00
1354400.00
1354400.00
1354400.00
1353378.00
1352518.00
1350310.00
1350310.00
1350310.00
1349674.00
1348902.00
1348902.00
1348242.00
1347176.00
1344966.00
1341128.00
1341128.00
1340580.00
1340580.00
1340188.00
1340188.00
1338600.00
1332744.00
1332192.00
1331720.00
1331720.00
1331720.00
1330936.00
1329258.00
1325730.00
1325730.00
1325730.00
1325730.00
1325730.00
1324130.00
1323418.00
1323418.00
1323418.00
1323418.00
1323418.00
1323418.00
1322160.00
1322160.00
1319850.00
1319820.00
1319598.00
1318222.00
1318222.00
