491882.40
490372.80
490372.80
489388.40
487302.40
485999.60
480272.20
475975.60
470018.20
467696.60
462514.40
462002.60
461816.00
458451.20
455823.60
447072.20
444466.80
443538.60
440372.80
433569.00
431067.00
430455.80
428273.40
425666.00
424302.60
422781.60
420107.00
419370.60
415944.80
414850.20
412447.80
409828.60
405742.40
401047.80
401047.80
400592.20
396979.40
396979.40
396431.00
394146.20
390652.80
389146.80
386798.00
386798.00
382969.60
381694.00
380593.20
380593.20
380593.20
380593.20
380264.40
379165.80
378183.20
377359.00
377359.00
376011.40
375678.80
375063.80
375063.80
373527.60
372386.80
372386.80
371149.60
371149.60
370848.00
369789.00
369661.40
369661.40
368132.80
367016.20
366525.00
365751.80
364604.40
363279.60
363044.20
363044.20
361073.60
359617.20
359617.20
359183.00
356414.00
356411.80
356411.80
356411.80
355989.80
355202.40
351310.20
351310.20
351310.20
351310.20
351310.20
351310.20
350312.80
348694.80
348694.80
348694.80
348615.00
348615.00
348361.80
348361.80
