494246.60
492922.40
492235.00
490984.20
489987.60
487464.40
486456.80
486277.40
481659.00
481659.00
481247.20
479636.20
479636.20
479255.60
473052.80
471695.40
463949.20
459019.20
458185.20
453390.40
450113.20
449379.60
449379.60
447829.00
445274.40
445274.40
445202.60
444336.20
443164.00
443016.60
442189.40
439143.40
437790.60
436713.00
436456.00
436012.40
435810.40
430443.40
429133.20
429133.20
429047.20
426093.60
426073.80
425095.60
424436.00
423487.20
422400.80
422092.00
422092.00
421033.40
421033.40
420051.20
419518.60
416835.20
416835.20
416610.60
416610.60
415538.00
415040.80
411972.40
411501.80
411173.20
411007.60
411007.60
409555.00
408443.20
408443.20
408443.20
404773.60
404773.60
404469.20
404469.20
404469.20
404220.80
402854.00
402179.60
402039.00
401994.00
401994.00
401994.00
401151.40
401151.40
400324.40
399568.00
399411.80
399411.80
399196.20
397540.60
395801.20
395801.20
394490.60
394490.60
394115.80
392752.80
392593.00
391961.20
391150.00
390490.40
390490.40
390027.40
