109534.00
109223.60
108716.20
108267.40
107804.20
106902.20
105445.60
103970.40
103594.60
103191.20
102088.54
101183.88
100981.88
100777.28
100441.92
100097.10
99605.90
98874.40
98324.88
98324.88
98021.06
97793.00
97149.94
96101.44
95948.50
95948.50
95502.56
95485.24
95228.26
94757.16
94283.58
93866.68
93701.54
93701.54
93700.42
93605.38
92816.22
92816.22
92715.24
92240.90
92240.90
91438.42
91300.36
91241.74
91024.28
90713.22
90627.48
90627.48
90597.12
90568.98
90483.24
90185.22
89930.40
89930.40
89879.36
89839.84
89839.84
89839.84
89799.28
89732.94
89427.12
89218.60
89218.60
88862.92
88847.90
88784.92
88784.92
88638.94
88638.94
88638.94
88164.00
88164.00
88164.00
88164.00
88164.00
88164.00
88164.00
88164.00
88154.72
88043.22
87867.08
87867.08
87867.08
87258.96
87258.96
87258.96
87180.02
87098.64
86767.92
86673.22
86243.30
86243.30
86243.30
86135.98
86135.98
86135.98
86135.98
85953.86
85953.86
85935.94
