20791.20
20784.76
20604.54
20595.44
20595.44
20459.40
20392.30
20320.34
20291.98
20261.26
20261.26
20236.70
20172.12
20093.62
20072.08
20016.04
19888.60
19807.74
19807.74
19747.74
19737.94
19676.06
19590.44
19576.70
19541.50
19530.70
19483.16
19416.14
19413.14
19360.50
19277.82
19277.82
19260.10
19212.46
19207.48
19146.82
19146.82
19089.20
19060.76
19008.22
18990.52
18988.84
18919.48
18919.48
18914.94
18861.50
18856.38
18856.38
18853.56
18853.56
18821.82
18818.22
18794.92
18794.92
18791.40
18770.12
18746.62
18746.62
18746.62
18703.84
18703.84
18665.02
18665.02
18623.44
18622.38
18579.22
18552.86
18552.86
18552.86
18552.86
18552.86
18548.24
18533.20
18529.76
18524.20
18519.96
18519.96
18519.96
18497.12
18468.48
18468.48
18468.48
18468.28
18468.28
18450.56
18443.84
18416.26
18387.80
18387.80
18365.18
18321.06
18321.06
18282.44
18282.44
18282.44
18278.66
18278.66
18262.52
18181.42
18177.20
