1569018.00
1557484.00
1555904.00
1550674.00
1543630.00
1540886.00
1532816.00
1525756.00
1524220.00
1520144.00
1517790.00
1515776.00
1511770.00
1501936.00
1498574.00
1493544.00
1491208.00
1483878.00
1483878.00
1480514.00
1472644.00
1469468.00
1463294.00
1462514.00
1458846.00
1457012.00
1456700.00
1455130.00
1448070.00
1445104.00
1444484.00
1440048.00
1436790.00
1436790.00
1435148.00
1430390.00
1430390.00
1429374.00
1429374.00
1429374.00
1427344.00
1426546.00
1425372.00
1425372.00
1423940.00
1423484.00
1421860.00
1421156.00
1417648.00
1416396.00
1416396.00
1416396.00
1415960.00
1414522.00
1412050.00
1411700.00
1411300.00
1411300.00
1411164.00
1409618.00
1408608.00
1408608.00
1407512.00
1404036.00
1403646.00
1403302.00
1402716.00
1401406.00
1401242.00
1399594.00
1399268.00
1398804.00
1397928.00
1397826.00
1397826.00
1395530.00
1395364.00
1395364.00
1394260.00
1393718.00
1393642.00
1390780.00
1388814.00
1388814.00
1388814.00
1388034.00
1388034.00
1384958.00
1382404.00
1382404.00
1381984.00
1381466.00
1381182.00
1376356.00
1374752.00
1374752.00
1374752.00
1374752.00
1374542.00
1374190.00
