578039.80
574707.60
574457.00
569130.00
569130.00
567119.60
565329.40
563917.00
563671.40
558964.60
552739.20
550049.20
548057.40
546473.00
545584.00
544148.80
543226.40
542963.40
540907.20
539910.00
537207.40
536130.40
535261.40
534437.00
534309.80
532137.00
532013.40
530486.40
529881.60
528838.20
527632.20
527158.40
527065.60
525082.60
525082.60
522669.80
522380.80
521958.60
521958.60
521958.60
521522.00
521522.00
521430.00
520808.40
519314.60
519180.60
518447.80
518379.40
518379.40
517652.40
517652.40
517435.60
516510.80
516138.40
516138.40
515815.80
515593.20
515354.00
515032.40
514702.40
514156.40
514156.40
513019.20
513019.20
513019.20
513019.20
512994.80
512994.80
512994.80
510845.00
510845.00
510033.80
509539.80
509539.80
509415.60
509415.60
508841.40
508640.20
508194.40
508194.40
507719.40
506972.80
506972.80
506972.80
506972.80
506972.80
505436.20
504633.20
504129.40
503788.00
503788.00
502914.80
502914.80
502038.40
501796.00
501566.60
501566.60
501008.00
501008.00
500884.60
