1405.33
1399.75
1392.77
1386.06
1366.14
1352.68
1342.39
1329.87
1317.33
1317.25
1302.69
1302.69
1278.85
1269.04
1261.07
1261.07
1261.07
1254.81
1252.34
1244.41
1241.86
1234.45
1231.63
1228.35
1228.35
1206.67
1206.67
1201.67
1201.67
1199.91
1198.87
1195.61
1192.62
1185.73
1185.44
1182.07
1182.07
1182.07
1179.89
1174.15
1174.15
1174.15
1164.21
1160.49
1160.06
1160.06
1160.06
1158.82
1157.83
1157.09
1144.72
1144.72
1144.72
1139.96
1139.96
1139.01
1130.52
1127.04
1127.04
1118.75
1118.36
1113.22
1113.22
1112.25
1112.25
1112.25
1112.25
1105.86
1103.05
1101.55
1101.55
1095.56
1095.26
1087.39
1084.71
1082.39
1082.39
1082.39
1080.30
1080.30
1068.75
1063.61
1063.61
1058.92
1058.92
1058.92
1058.40
1058.40
1058.40
1053.47
1050.06
1044.42
1044.10
1044.10
1041.23
1040.53
1040.53
1039.90
1036.37
1036.30
