719662.00
719662.00
718153.20
713507.20
712963.20
709929.20
708914.80
708914.80
704996.00
697030.80
693415.00
691912.80
691047.60
690331.60
687798.60
682294.40
680372.20
678414.40
678414.40
677527.00
675054.40
674785.00
671944.40
671944.40
668143.80
667617.80
666906.00
665265.00
664342.80
663016.40
660154.80
659093.40
658187.40
657689.20
657230.80
656920.40
655439.00
655439.00
654278.20
652457.60
652240.20
652240.20
652090.00
650362.80
649762.00
649720.40
648123.60
648004.60
646836.40
647294.40
645708.80
645478.00
644780.40
643429.00
642129.40
641486.60
641397.00
640594.40
638466.20
638466.20
638466.20
637624.60
636955.40
636698.20
634374.20
634374.20
634374.20
633900.60
633671.60
633228.00
633033.80
632854.80
632436.00
631134.40
630000.60
630000.60
630000.60
630000.60
629128.60
628607.20
627317.20
626818.00
626818.00
626818.00
626818.00
626818.00
625806.00
625614.80
625401.00
625401.00
625307.80
625123.20
625123.20
625123.20
625123.20
623394.60
623394.60
623260.40
622541.80
622458.60
