414.91
413.30
411.30
410.00
409.84
405.72
402.47
402.21
402.00
401.82
401.12
399.54
399.54
392.82
392.81
392.35
391.25
389.37
387.54
386.43
384.50
383.77
383.13
382.20
381.09
379.88
377.22
376.64
375.03
374.99
374.99
374.46
374.46
372.06
370.58
370.58
370.58
370.58
370.37
369.25
368.28
367.36
367.36
367.29
367.29
366.56
365.61
365.61
364.00
363.48
362.37
362.37
362.22
362.22
362.22
362.22
361.54
361.22
361.09
361.09
360.31
358.96
358.30
358.30
358.30
358.30
358.30
355.85
355.85
354.82
354.82
354.66
354.66
354.66
354.66
354.66
353.77
353.30
353.30
353.24
353.24
353.01
352.82
352.82
352.82
352.14
352.14
351.89
351.89
351.89
351.89
351.89
351.89
351.89
351.36
351.05
351.05
351.05
350.82
350.82
