1018612.40
1009041.20
1004109.20
1002293.20
1002293.20
1002293.20
998414.20
996098.40
991166.00
988263.80
985774.00
982592.00
979892.40
979339.00
979339.00
975601.40
974339.60
973949.80
969895.00
967182.00
966313.60
965560.20
964511.40
960943.00
959868.40
958876.60
957702.60
954263.20
952914.20
951345.80
948288.80
946024.00
944683.20
942263.20
937706.40
937082.80
934695.40
934587.80
934360.80
931900.20
931900.20
931042.00
931042.00
929342.00
926307.20
925316.20
925316.20
925316.20
925316.20
924250.80
924118.40
922749.60
922276.80
922276.80
922276.80
920298.00
918760.40
918525.00
918525.00
918525.00
916812.00
915741.00
915741.00
915475.40
915475.40
914736.20
914736.20
914546.20
914546.20
909593.40
909593.40
909593.40
907139.20
906081.20
906081.20
906081.20
906081.20
906081.20
906081.20
906081.20
903001.40
902899.60
902560.20
900922.80
900875.80
900823.40
900823.40
899774.80
899201.60
898772.80
898772.80
898485.40
898485.40
897989.80
897989.80
897704.00
896578.00
896469.20
896469.20
894813.80
