228454.20
227159.80
226546.20
226178.60
226059.40
225814.40
222477.00
222370.80
222096.60
221634.80
220851.20
219612.80
219085.60
217377.20
216915.00
216915.00
216693.00
215077.40
215077.40
214243.00
214039.00
213412.00
213004.80
212350.60
211472.00
210646.00
209513.40
209467.20
209268.00
208886.40
208427.80
207446.40
207248.40
206828.20
206578.80
206268.60
206268.60
205552.80
205008.20
203963.00
202680.40
202276.60
202269.40
201482.00
201482.00
200882.20
200882.20
200882.20
200648.80
200648.80
200648.80
200421.80
200373.20
200373.20
200201.60
200054.60
200054.60
199992.20
199869.60
199869.60
199728.80
199362.40
199362.40
199362.40
199080.60
198671.20
198015.80
198015.80
198015.80
198015.80
198015.80
197856.00
197130.60
196910.40
196910.40
196658.00
196658.00
196370.60
196263.80
196263.80
196263.80
196035.20
196035.20
196035.20
195428.80
195347.80
194926.40
194926.40
194649.80
194561.00
194561.00
194318.20
194311.80
193825.20
193698.60
193435.20
193306.80
192962.40
192025.80
192025.80
