109141.40
109019.00
107408.00
106171.20
104950.12
104661.52
104503.72
103876.92
103127.04
102222.18
101069.68
101065.92
99889.74
98779.92
97878.22
97092.24
96368.82
95562.22
95168.64
95167.22
95167.22
93122.30
92127.74
91617.70
91617.70
91617.70
91462.42
90306.72
90210.38
88542.00
88366.42
87928.68
87928.68
87888.48
87649.76
87649.76
87036.66
86738.90
86644.18
86533.54
85837.82
85580.50
85208.34
84204.04
83881.74
83728.60
83678.06
83476.50
83442.10
82788.16
82788.16
82684.58
82627.22
82323.34
82023.50
81980.92
81338.50
81051.82
80764.76
80699.02
80506.96
79679.64
79577.58
79274.18
79122.76
78972.40
78901.36
78650.60
78544.50
78419.74
77754.94
77278.48
77067.20
77067.20
76710.34
76710.34
76646.52
76603.92
76601.36
76387.82
76351.12
76172.10
76055.02
76055.02
75958.26
75514.72
75477.88
75198.62
75159.10
75116.92
74465.28
74330.90
74224.30
74018.74
73767.96
73578.80
73441.08
73310.90
73298.32
73271.42
