693294.00
691597.20
690254.80
690194.20
688900.80
684836.40
683723.80
683421.40
683421.40
682855.00
680986.80
677765.60
675951.20
671262.20
669853.60
668582.20
665795.00
665221.20
664777.60
662259.20
659595.60
656932.00
654354.60
651398.60
649133.60
648919.80
648551.00
647582.20
647110.40
645431.60
642392.40
642014.20
640203.40
636609.40
634613.40
634613.40
634086.40
633431.40
633205.20
631550.20
629946.80
627580.40
627286.60
626848.20
626157.80
626012.00
624089.80
620618.00
619888.40
619028.20
618277.40
617733.60
615629.20
612898.20
612898.20
612396.40
610839.80
609512.20
608871.00
607612.00
604828.20
604528.00
603379.80
602909.20
600361.60
597891.60
597198.00
597027.60
596480.60
594711.60
594570.80
594069.00
593337.40
592692.00
592299.80
591072.80
591072.80
590497.00
589244.40
587936.40
587537.20
584986.20
582844.20
582062.40
582062.40
580633.80
580633.80
580051.60
579123.40
579123.40
578309.80
577233.80
576096.20
575436.40
573705.60
572743.00
571724.20
571555.60
570702.60
569966.80
