224938.60
224807.60
224380.20
224380.20
222920.40
222818.60
221596.00
221489.00
220101.20
217479.80
216787.80
216141.40
214535.60
214222.60
213611.40
213098.80
211498.20
210616.20
209190.40
208705.40
208304.20
207901.60
204957.20
204783.20
204616.80
202957.00
202872.80
202351.20
201783.20
200257.40
199660.80
198269.00
197201.20
196905.60
194017.40
193639.60
193639.60
193579.00
192742.00
191604.20
190786.40
189308.80
188933.60
188016.00
188016.00
187656.20
187228.80
186777.00
186661.40
185358.40
184976.20
184976.20
183863.20
182359.20
182047.40
181474.80
181474.80
181452.20
181452.20
180969.80
180211.20
179534.00
179439.20
178880.80
178050.00
177649.80
176942.40
176089.20
176089.20
175967.80
175967.80
175324.80
174939.80
174538.60
174538.60
173742.40
173638.60
173153.80
172929.80
172098.00
171914.60
171848.20
171761.60
171115.40
170930.60
170930.60
170914.40
170788.80
169713.80
169683.60
168991.40
168754.40
168539.20
168341.80
167992.40
167407.40
167167.00
167097.60
166284.40
165459.00
