309699.00
308602.80
308496.80
308347.40
306748.00
306198.00
303270.40
302125.60
301937.00
301666.80
300902.00
299007.40
296985.40
296023.40
294842.60
291558.40
291087.40
288869.00
287807.80
286442.20
285966.80
285381.40
284562.60
283587.80
281745.20
280973.00
279918.80
279907.20
277841.80
277264.20
277142.40
275209.60
275178.20
274973.00
274545.40
273539.40
272587.00
272014.40
271711.80
270801.40
270588.00
270190.20
269270.00
268955.00
267724.40
267498.20
265810.60
265545.80
264236.40
263861.80
263798.20
262960.20
262487.60
261598.00
260607.40
260397.40
259445.40
258843.00
258259.60
257489.80
256597.40
255889.40
255889.40
255678.00
255494.00
254551.00
253282.00
252698.60
251942.40
251432.20
251190.40
251120.60
250832.80
250543.00
250512.60
250283.00
250164.00
249474.60
248354.00
248320.00
248038.20
247491.00
247065.00
246249.60
245998.00
245868.00
245569.60
245481.20
244780.20
244674.00
243804.00
243583.00
243572.00
242589.60
242579.60
241775.00
240866.60
240851.20
240610.80
240283.60
