719295.60
717404.40
714487.40
714487.40
712888.40
711731.80
711731.80
710754.60
704386.60
702858.00
695033.80
691422.00
690879.40
687973.60
683845.80
682949.00
677833.80
674680.60
671103.80
669401.80
665769.20
665044.40
659664.40
649677.80
648581.80
647093.00
645650.40
642063.00
640596.20
640129.20
638824.20
638824.20
638345.20
634415.60
631015.20
631015.20
628753.00
627001.80
624441.00
619806.80
619472.80
619340.80
616832.40
611504.80
609795.40
609795.40
608506.80
606919.60
603072.20
602393.20
602393.20
600015.00
598467.60
596652.80
595066.20
592467.40
590024.60
589926.80
588209.80
585988.60
584790.40
582979.00
582979.00
581093.00
580784.00
580576.40
578556.80
577596.60
577533.00
573436.80
573436.80
572723.40
569454.00
569454.00
566324.80
566156.20
566112.60
565026.40
563923.60
563517.40
560856.40
559969.40
558275.40
558275.40
558029.00
558029.00
555709.20
554882.80
554882.80
550253.20
550184.00
550184.00
549721.80
548741.00
546178.00
544079.80
543885.60
541883.60
540970.80
540970.80
