1489464.00
1489464.00
1483992.00
1477830.00
1471386.00
1462598.00
1462424.00
1449196.00
1446466.00
1443038.00
1439714.00
1433068.00
1425552.00
1421304.00
1419060.00
1418394.00
1412172.00
1408718.00
1408178.00
1404300.00
1397154.00
1396510.00
1393460.00
1393460.00
1390112.00
1383210.00
1382238.00
1381142.00
1376694.00
1368200.00
1365980.00
1361010.00
1357422.00
1356658.00
1353178.00
1349164.00
1343904.00
1341270.00
1340098.00
1334442.00
1330656.00
1326750.00
1326520.00
1321014.00
1319876.00
1319712.00
1317650.00
1315870.00
1312988.00
1311316.00
1308718.00
1305028.00
1300350.00
1298716.00
1294888.00
1294204.00
1291572.00
1290640.00
1287188.00
1285448.00
1282456.00
1278068.00
1275368.00
1274748.00
1267646.00
1264918.00
1264422.00
1263106.00
1260534.00
1258334.00
1254242.00
1253554.00
1251654.00
1247744.00
1245336.00
1242952.00
1242280.00
1236322.00
1233170.00
1231464.00
1227640.00
1226742.00
1222754.00
1222060.00
1220724.00
1218910.00
1214608.00
1214168.00
1212242.00
1211370.00
1210260.00
1210260.00
1208292.00
1207732.00
1205624.00
1205002.00
1203044.00
1201074.00
1198996.00
1197344.00
