735380.00
734153.60
729572.20
723755.40
719572.80
716673.80
714381.20
709057.20
709057.20
703289.00
694877.60
691757.60
689275.20
688732.80
686456.60
681273.40
677266.40
672581.80
669423.60
668737.00
668182.00
665569.40
662745.60
661547.40
659649.60
656609.60
652005.40
647199.20
646136.60
645195.60
638073.60
637197.40
634230.60
633039.80
630813.60
628859.60
628859.60
625909.40
625909.40
625909.40
624591.60
622012.00
621554.20
618430.40
617010.20
616402.40
611909.80
611909.80
611830.20
607878.40
606929.20
603793.20
601265.00
600228.80
594440.00
594202.20
593388.20
590612.80
590438.60
589013.40
586047.60
583495.20
582123.40
580909.40
580747.80
580320.00
577357.20
576484.80
575332.20
570506.60
570506.60
568715.80
567638.80
564455.40
564407.40
563280.20
560335.40
560335.40
559207.00
556811.60
556811.60
556811.60
555643.20
553145.00
553058.80
551752.00
549311.80
549311.80
549038.20
548744.00
547859.40
547206.60
547206.60
545049.20
544750.20
543167.80
540334.00
540334.00
536247.40
536247.40
