42232.58
42155.52
41886.14
41696.16
41308.90
41308.90
41128.76
40908.58
40790.32
40271.24
39961.16
39881.44
39685.72
39643.78
39621.26
39524.72
39222.32
39052.76
39007.66
38636.04
38466.38
38435.28
38255.40
38230.50
38180.60
37932.06
37815.22
37644.56
37538.98
37278.50
37278.50
37134.14
36919.18
36689.88
36606.28
36510.68
36510.68
36489.68
36489.68
36024.36
35990.26
35731.20
35643.54
35634.82
35595.38
35513.32
35313.36
35277.14
35103.00
34948.26
34917.62
34806.94
34733.94
34720.74
34392.20
34392.20
34392.20
34392.20
34286.50
34257.42
34187.04
34180.68
34023.56
33869.06
33664.84
33460.04
33325.14
33200.02
33200.02
33150.04
33090.80
33059.82
33004.14
33004.14
33004.14
33004.14
32943.42
32943.42
32683.64
32627.20
32544.58
32526.76
32456.44
32420.62
32355.36
32321.56
32308.94
32095.12
32012.94
31953.44
31927.96
31871.12
31839.78
31803.74
31743.96
31662.42
31662.42
31618.98
31600.50
31538.38
