1573346.00
1570838.00
1550086.00
1548706.00
1545136.00
1545136.00
1534460.00
1527732.00
1525040.00
1520410.00
1515512.00
1512484.00
1501418.00
1496534.00
1494594.00
1490252.00
1475906.00
1471892.00
1463282.00
1458102.00
1456936.00
1451574.00
1447164.00
1440710.00
1436638.00
1433888.00
1425002.00
1416870.00
1413602.00
1409610.00
1399530.00
1399530.00
1396184.00
1395140.00
1390186.00
1387650.00
1386094.00
1383486.00
1382258.00
1379656.00
1371826.00
1370280.00
1366922.00
1365046.00
1361522.00
1359398.00
1354262.00
1349712.00
1349712.00
1349264.00
1347764.00
1344842.00
1341122.00
1339546.00
1331630.00
1331630.00
1331128.00
1326122.00
1322954.00
1322274.00
1318588.00
1311314.00
1304446.00
1302788.00
1298750.00
1298492.00
1296960.00
1295732.00
1294760.00
1293700.00
1291626.00
1291544.00
1285556.00
1283836.00
1282546.00
1278778.00
1277134.00
1272956.00
1271422.00
1268736.00
1266844.00
1265196.00
1260676.00
1260184.00
1255896.00
1255842.00
1255006.00
1254728.00
1252002.00
1248852.00
1248660.00
1244172.00
1243420.00
1243420.00
1242218.00
1242054.00
1238692.00
1234960.00
1234110.00
1229372.00
