496382.40
493099.20
482761.40
478658.00
476793.40
476793.40
471481.80
470406.00
467176.80
464656.40
455022.60
449441.60
445562.60
444257.00
441427.00
434259.80
434259.80
431398.60
426108.00
425205.80
424122.80
422983.40
421323.80
419138.00
414925.40
414040.00
409130.40
406741.00
404562.40
400562.20
398493.40
397018.40
388341.00
388341.00
386953.60
386409.60
385408.60
384022.60
383156.00
380420.60
380072.20
378897.80
378382.80
370960.20
368460.40
367916.20
367802.80
367673.00
365698.40
360802.20
356672.60
355892.80
355375.40
354843.80
350956.20
349636.40
349206.00
349206.00
349206.00
347133.80
346674.80
344956.40
342492.40
342492.40
339042.80
338637.20
337685.40
336628.80
334089.20
332120.80
330222.20
329577.60
327401.80
326621.00
325783.40
325669.40
325669.40
323364.80
321117.80
320749.60
317437.80
316922.40
316922.40
316922.40
316266.20
314373.20
314373.20
313160.00
313160.00
313160.00
311717.60
307174.60
306604.80
303057.60
301207.40
301207.40
301000.80
298955.20
296601.20
296601.20
