505025.80
502865.60
500306.80
493879.60
490179.60
488613.60
487389.60
481976.20
477247.80
472866.40
468827.00
462831.00
462627.40
461757.20
458087.20
455400.60
450986.00
443246.40
443246.40
441971.80
437215.40
434943.00
434709.20
434420.80
433217.60
431706.00
429469.20
425703.80
425672.00
422817.00
420670.40
418656.60
416726.80
416188.20
413958.80
410188.00
410081.60
408273.00
407006.00
404495.20
403895.00
403183.20
402894.20
401525.60
397789.80
397566.00
397292.40
395554.00
392522.60
392469.20
391100.80
390863.60
388472.20
385302.20
384243.20
382616.60
382575.60
382112.40
381525.80
380163.40
378889.00
378271.20
377724.60
377724.60
376155.00
373634.20
371883.20
371883.20
371883.20
370253.20
370007.20
369824.00
369270.40
367301.40
365482.80
364364.80
364364.80
363614.60
363614.60
363614.60
363122.40
360992.20
360992.20
359208.40
358097.20
352505.20
352354.80
351651.20
351651.20
351323.20
348666.00
348005.20
348005.20
347695.80
347695.80
345487.20
345070.40
345070.40
345070.40
344611.40
