582726.40
581720.40
579126.00
574604.40
573960.00
568966.00
565771.60
563722.00
561060.40
555824.00
555824.00
552031.40
549619.40
548932.40
545505.20
542324.20
539710.40
533366.20
530166.00
528132.00
522999.60
520317.60
519726.60
516358.80
513386.40
512529.20
511235.00
511235.00
508365.80
506434.00
502670.80
498274.20
498274.20
498274.20
498004.60
497432.40
497142.40
495382.40
493856.60
493594.40
493173.20
491519.60
489022.80
488564.80
486583.40
486196.20
483831.20
483151.20
482050.80
481238.20
481083.20
478561.80
477165.20
477165.20
476885.20
476229.00
475697.20
474043.60
472492.60
471766.20
470788.60
469442.80
467779.00
466150.40
466150.40
464236.60
463116.20
463116.20
461564.40
461564.40
458563.00
457742.80
457742.80
457742.80
457419.20
457419.20
456845.00
454943.40
454341.40
452448.40
451874.80
449478.20
448492.00
448492.00
448492.00
448492.00
448405.20
446692.60
446587.60
446533.40
446084.40
444475.60
444475.60
442967.60
442935.20
441955.00
441955.00
440011.20
439608.40
439145.00
