941611.20
937262.20
929057.20
925969.40
921907.20
921451.40
920408.00
913481.40
910872.00
907205.00
905660.60
899499.00
892149.40
890148.40
884551.00
878549.00
878549.00
873082.40
871698.40
869980.00
867401.80
867391.60
862394.00
858709.60
848845.80
847095.20
844075.80
841220.80
840196.60
838078.80
837573.80
835422.40
834588.60
831743.80
829153.20
822147.40
820887.60
818807.80
815959.60
812567.60
810868.40
809312.20
805807.20
803709.40
803189.40
801469.40
799523.20
793232.60
789049.20
787829.60
786565.00
786565.00
784913.60
783640.80
783640.80
778805.40
778376.00
777576.20
775482.60
774077.40
770041.60
764389.00
764193.20
764193.20
762190.60
760809.60
757085.60
754107.20
747525.40
743295.80
743295.80
739023.80
739023.80
738079.40
737701.80
735317.20
733000.80
732453.40
731546.80
730188.00
728945.40
727906.80
726301.80
722954.20
722642.60
721546.80
716934.40
715066.60
714951.80
713891.00
711353.20
708475.40
706354.60
705194.60
702819.80
702819.80
702819.80
700366.20
698941.00
695639.00
