232045.20
231722.40
231390.40
230024.20
229862.60
229128.60
226408.00
225089.60
222910.80
221933.60
220330.40
218223.80
215634.40
215188.60
215108.40
214482.00
213685.80
212552.40
211820.00
210314.20
209179.80
208965.20
208432.40
207771.40
207000.80
206455.40
204780.20
203365.80
202846.40
202046.80
199822.00
199602.20
199207.60
198628.60
198159.80
197231.00
197060.20
195965.20
194985.80
194558.40
193929.00
192971.40
192866.40
192537.60
191455.00
190139.40
189675.40
189418.40
189113.20
187752.00
186816.40
186525.80
185886.60
185686.60
184028.80
183283.80
183185.60
182883.20
182392.80
182138.40
181462.40
181308.00
181308.00
181240.60
181240.60
181062.60
181028.80
179937.60
179831.00
179743.80
179743.80
179184.40
178633.40
177991.00
177834.60
177633.20
177538.60
177086.60
176873.60
176038.00
175928.80
175276.20
175276.20
175234.20
175216.40
174486.60
174486.60
173023.60
172420.20
172394.20
172389.80
172264.00
172061.60
171718.20
171584.00
171552.00
171424.80
170680.60
170620.00
170192.20
