1007619.60
1005487.60
1004997.00
1003530.60
1000057.60
992795.40
990300.40
989148.00
981505.20
977615.20
973878.20
969473.20
961246.20
957654.20
955930.80
955930.80
953084.00
950599.00
943057.20
936284.20
930294.00
927343.60
926908.60
924045.60
921485.20
917413.60
917319.80
914050.00
910724.60
903130.20
903130.20
900984.60
895863.00
893428.80
893216.00
887573.00
887573.00
886098.20
883490.40
881148.60
879505.80
877679.40
874830.60
872120.80
868835.20
868326.20
867444.40
866659.40
862154.60
859007.20
855988.40
855463.80
855463.80
855052.40
852523.60
851635.80
849774.40
848576.40
846950.80
843704.80
841851.60
839144.00
837079.40
832872.20
832872.20
832872.20
832350.20
831338.00
827786.20
824706.80
824384.20
820008.40
819741.60
814652.00
814425.40
813643.20
808935.80
808026.20
808026.20
807015.40
804902.40
802644.40
802243.80
799532.20
796799.80
795689.20
793979.00
791837.60
790992.00
790970.00
788731.20
788028.20
786321.80
784807.00
781722.60
780651.60
779526.20
778294.00
774422.40
773570.20
