20670.64
20580.64
20573.64
20533.92
20353.64
20254.16
20214.52
20187.70
20022.12
20019.72
19967.90
19857.38
19733.46
19715.66
19507.88
19473.28
19353.74
19305.70
19147.00
19049.92
18975.10
18929.02
18905.90
18854.34
18836.52
18751.30
18626.76
18626.76
18504.66
18450.22
18429.98
18376.48
18268.56
18255.42
18242.36
18162.88
18162.88
18142.60
18092.84
17940.88
17912.64
17912.64
17886.48
17857.36
17833.84
17781.02
17735.12
17673.14
17563.00
17532.18
17519.42
17479.90
17428.20
17428.20
17420.08
17389.96
17385.02
17352.92
17308.04
17287.56
17252.90
17170.28
17141.42
17076.82
17067.82
17058.18
17054.28
17003.88
16965.52
16935.90
16851.96
16848.06
16845.88
16827.76
16799.94
16730.72
16654.66
16611.62
16610.58
16597.80
16587.88
16580.70
16541.88
16387.32
16372.96
16361.56
16347.78
16296.56
16275.26
16217.54
16214.40
16185.24
16148.96
16134.58
16072.66
16072.66
16058.58
16040.26
16019.20
15981.92
