306901.00
306553.40
306553.40
304138.20
303801.40
302179.80
299885.00
298601.20
294858.60
293029.40
292004.40
290749.60
288822.80
287902.60
287512.20
286416.20
285249.00
283553.60
283053.60
281892.40
279975.60
279142.00
278799.20
277946.80
275839.00
274397.00
273650.00
273244.20
272990.00
272860.60
272218.40
271089.20
270014.80
270014.80
268510.80
267994.00
267984.20
267211.20
267169.00
267051.00
266566.80
265504.60
264717.00
262307.40
262025.80
261039.60
261039.60
260823.40
260061.40
259997.60
258953.00
258630.60
257829.80
257233.20
257226.00
257046.20
256754.20
256066.80
255641.60
254736.00
253800.00
252565.40
252502.00
252035.00
250461.20
249889.80
249889.80
249224.20
248880.60
248624.40
247206.60
246990.60
246990.60
246207.60
246014.40
245709.20
245610.80
244871.40
243637.40
242376.20
242315.40
242298.40
241569.20
240750.00
240503.20
240300.20
238807.00
237653.60
237653.60
237483.80
236588.20
236588.20
236573.80
236334.60
235223.20
235053.80
233960.40
233425.60
233028.40
232277.60
