698055.00
694723.40
694029.00
694029.00
693843.00
689637.00
688230.80
687220.60
685738.80
684097.20
680615.60
680080.20
677011.80
676090.40
673974.20
671074.40
670089.80
668822.40
667846.20
666171.40
663215.40
662522.40
661039.80
660605.40
659592.60
659445.80
658681.60
656868.00
655933.00
654250.20
653213.80
652385.60
652060.00
650775.60
649640.40
649004.60
647785.80
647785.80
647415.40
647058.80
646539.20
645757.60
645757.60
644819.20
643475.40
641798.60
640947.40
640256.40
640027.20
639706.20
639706.20
638989.80
638571.80
638027.20
637497.00
636589.00
635716.00
634947.60
634824.00
633163.60
631313.20
630615.40
629058.80
626668.40
626433.20
625227.60
625227.60
624820.40
624260.00
624092.80
622455.40
621431.80
620089.40
620089.40
619568.60
618800.80
618690.40
617586.60
617043.80
615851.40
615851.40
614994.60
614743.60
613777.20
613493.80
612192.40
610905.60
610270.60
609827.20
608023.20
608023.20
607315.60
606636.20
606636.20
605198.80
604978.00
604133.40
603996.60
603250.80
602273.20
