1007776.00
1007656.00
1006234.00
998392.80
994785.60
986329.60
982403.60
979858.20
973906.40
967256.00
960203.00
957312.00
955890.00
952179.00
945439.20
940630.60
936070.40
929298.60
922856.20
921429.80
917848.20
916351.00
915033.40
911508.80
911282.20
909888.60
908540.80
900975.20
900975.20
899347.40
899265.40
899265.40
899008.40
898403.00
896094.20
896094.20
895559.60
894739.40
891104.40
888702.40
888268.80
886393.80
881814.40
880901.60
879697.60
878618.60
876961.80
876641.80
875148.60
873191.60
871827.40
869420.60
865815.60
864728.00
864728.00
863513.40
860521.40
859435.80
858828.60
857537.60
855963.80
854370.00
853532.60
850826.20
849308.40
847718.80
847433.40
846844.40
846567.40
845301.60
844921.00
842859.80
837179.80
836885.40
835219.60
835125.60
834261.60
833263.60
831105.80
830804.40
830220.20
830058.00
826075.00
826075.00
826075.00
825807.60
825807.60
824440.60
823110.20
822554.20
820894.40
817457.20
815497.20
815266.00
815237.40
812350.40
810786.20
810786.20
808857.00
807174.00
