966597.40
964340.40
960610.20
953772.40
948425.00
943825.40
936692.20
934441.20
931644.20
929478.20
916428.20
916209.20
910360.80
908464.80
908102.40
903428.20
899602.60
898063.00
895068.60
895068.60
890760.00
886947.40
884155.40
879455.40
877215.00
873939.20
873028.40
868839.60
868135.80
866420.40
864483.60
862696.40
860239.60
859440.60
859339.80
858834.40
857329.80
853596.00
851550.40
850024.60
846064.40
846064.40
845079.80
839848.80
837303.00
837303.00
836467.80
834205.80
833758.20
833045.60
831433.20
828862.80
828018.20
821835.40
821423.60
820573.40
819244.00
818984.60
815335.20
813584.20
812990.40
811804.20
807226.20
804177.60
802922.60
800516.20
799416.80
797749.00
795699.80
790440.80
790440.80
790354.60
790260.40
787936.20
786852.20
783399.80
783399.80
782258.20
780132.00
777259.20
774596.80
774596.80
771736.40
770040.40
769785.00
768035.20
767773.80
764096.40
760139.60
758705.60
758328.80
755766.60
755766.60
755128.00
754648.20
754562.80
753809.40
753388.20
750459.00
750459.00
