20760.94
20760.94
20693.68
20693.68
20568.94
20475.60
20364.90
20289.68
20146.76
20109.74
19973.84
19897.76
19873.52
19799.26
19696.30
19622.12
19546.84
19440.32
19346.36
19340.18
19225.24
19155.44
19110.86
19103.28
19049.82
18915.94
18859.54
18783.62
18770.36
18709.86
18665.20
18653.22
18636.26
18577.98
18534.00
18519.08
18468.00
18401.32
18380.22
18367.84
18350.60
18350.60
18325.42
18251.50
18219.82
18217.28
18189.84
18149.94
18120.92
18079.20
18039.68
18002.88
18002.88
17991.78
17988.56
17957.72
17903.06
17858.36
17832.76
17831.62
17698.42
17690.04
17654.16
17647.60
17615.02
17575.54
17537.46
17533.30
17512.52
17497.10
17497.10
17453.82
17437.10
17420.58
17399.62
17372.62
17346.86
17289.56
17276.82
17253.98
17185.58
17142.42
17130.42
17122.56
17122.56
17080.58
17033.72
16995.68
16970.16
16962.98
16947.96
16944.98
16931.12
16887.26
16880.20
16811.32
16804.22
16803.94
16771.06
16753.02
