511323.80
504275.60
495700.20
493776.80
490615.40
485411.20
483290.80
479407.40
466105.40
462984.20
461974.00
456832.00
452625.80
450186.00
445324.60
443127.00
437687.40
437176.20
435673.80
431813.80
428725.00
426333.20
425615.20
425421.60
421663.00
417620.80
415994.00
414701.20
414190.40
412992.20
410881.00
410031.60
409519.60
409075.20
406887.60
404705.20
401508.60
400177.20
399083.60
398154.80
393993.00
392534.20
391202.80
389763.40
389523.00
388144.60
387058.40
386141.60
386051.00
382435.60
379746.60
377775.60
376478.00
376328.40
375747.80
374545.60
373750.60
373286.20
371419.60
370799.00
370588.20
368650.20
368650.20
367821.60
367703.60
366591.00
366070.00
365863.60
364408.60
362670.40
362047.60
359336.80
359015.20
359015.20
358929.00
357660.20
357202.40
356963.60
356815.80
354504.60
353424.40
353424.40
351405.80
350034.60
350034.60
349459.00
349382.80
348712.80
348646.80
347621.00
345329.40
345329.40
345048.60
344755.00
344351.80
343994.00
343213.60
343213.60
342264.20
341237.80
