42369.22
41986.64
41821.22
41739.36
41464.88
41193.96
40920.18
40825.92
40638.52
40475.90
40390.22
40146.32
39970.88
39834.46
39544.70
39130.38
39029.96
38894.18
38845.54
38801.14
38737.86
38605.78
38288.64
38239.78
38056.24
37951.66
37899.22
37899.22
37693.26
37630.10
37626.32
37490.74
37483.10
37216.78
37088.52
37083.40
36997.50
36918.34
36918.34
36897.50
36852.12
36679.02
36498.64
36399.42
36399.42
36347.42
36099.74
35974.32
35947.02
35921.60
35853.54
35772.26
35754.34
35754.34
35754.16
35581.28
35522.36
35486.32
35486.32
35368.04
35227.50
35227.50
35101.70
35022.08
34969.62
34883.80
34832.04
34782.20
34546.48
34534.32
34526.70
34456.06
34340.20
34083.06
34004.16
34004.16
34004.16
33953.54
33934.88
33934.88
33934.88
33889.16
33822.20
33725.92
33625.06
33481.96
33402.34
33379.08
33289.24
33162.00
33121.86
33079.04
33079.04
32979.86
32881.18
32744.70
32655.42
32655.42
32655.42
32617.94
