230886.20
229999.80
228995.80
228452.40
228284.20
225821.40
225577.20
225293.60
222517.80
221782.00
220904.20
219808.00
218280.20
218280.20
216357.20
216272.40
214682.80
213930.80
213750.60
212744.00
212535.60
211463.40
210678.80
209937.60
209695.00
208969.20
208775.60
207825.00
207825.00
206938.60
205629.20
204476.80
204435.40
204168.40
203487.40
203147.00
202934.00
202470.80
202174.40
201191.80
201000.80
200437.80
200220.20
198925.40
198239.40
197920.40
197303.00
197303.00
197303.00
197193.40
196113.20
195631.60
195554.00
195439.20
195212.00
194512.80
194143.60
193658.00
193241.00
192726.60
192644.00
192584.40
192214.60
191844.80
191741.60
191190.20
191078.80
190360.40
190360.40
189487.80
188575.40
188575.40
188575.40
188267.40
188166.80
187952.40
187745.20
187384.40
186602.20
186489.40
185640.20
185370.20
185310.80
184959.60
184842.00
184679.80
184594.20
184468.60
184354.20
183514.40
183414.60
183414.60
183280.40
182801.80
182520.00
182015.40
182015.40
181897.80
181336.40
180508.00
