724655.40
724655.40
721478.60
720148.60
713412.00
712421.20
707593.20
705668.60
705668.60
703226.40
699087.80
699038.80
696666.40
691367.80
686467.40
683724.80
680791.80
676561.80
673932.00
670999.00
670999.00
669757.40
668885.60
666961.40
664934.00
664934.00
664811.80
662440.40
660363.60
657823.00
655118.40
655118.40
652745.80
651103.40
649937.40
649308.40
647970.40
645891.00
645240.20
645240.20
641726.20
638741.20
638640.20
638277.00
632825.20
631667.60
630241.20
629610.20
629610.20
628382.00
626259.80
623550.00
622241.40
621626.60
621626.60
619179.00
617190.60
614448.60
613431.00
613431.00
612479.20
609981.60
609901.40
609831.40
607685.80
607674.80
606663.60
605731.40
604175.60
603928.20
603889.80
600051.00
600051.00
599028.20
598715.40
595747.80
592873.80
592428.40
592427.60
591915.40
591024.80
590067.80
589971.00
589649.60
588576.40
585745.80
584631.60
582250.40
582185.80
580465.00
579845.60
579127.00
579127.00
576288.80
576288.80
576288.80
576159.40
575301.40
574614.60
573361.60
