1548108.00
1541848.00
1531842.00
1531842.00
1531842.00
1518072.00
1513446.00
1509238.00
1500018.00
1496322.00
1495100.00
1485442.00
1481054.00
1475570.00
1467414.00
1462982.00
1458654.00
1457932.00
1451248.00
1448224.00
1445030.00
1441340.00
1438998.00
1436628.00
1436298.00
1433506.00
1428166.00
1425070.00
1423302.00
1421856.00
1421688.00
1417294.00
1414816.00
1413022.00
1410986.00
1408480.00
1407230.00
1404172.00
1401794.00
1396680.00
1395620.00
1395448.00
1390990.00
1390382.00
1384994.00
1384514.00
1380798.00
1378216.00
1375676.00
1375634.00
1369030.00
1364448.00
1364448.00
1363244.00
1361338.00
1359266.00
1357354.00
1357280.00
1357280.00
1354460.00
1352286.00
1350444.00
1345938.00
1340888.00
1340888.00
1339552.00
1337276.00
1334430.00
1328374.00
1327366.00
1326968.00
1325992.00
1325884.00
1323224.00
1321744.00
1318354.00
1315518.00
1314452.00
1314208.00
1314160.00
1312672.00
1308204.00
1308106.00
1305992.00
1305940.00
1304750.00
1300010.00
1298838.00
1298678.00
1297446.00
1294310.00
1293024.00
1291408.00
1290990.00
1289102.00
1288438.00
1288438.00
1285354.00
1281394.00
1280946.00
