1429.96
1411.29
1406.20
1391.12
1368.13
1352.99
1340.04
1340.04
1323.52
1317.58
1301.79
1278.93
1267.91
1258.08
1248.25
1243.51
1226.09
1223.24
1217.40
1217.40
1202.75
1178.19
1176.25
1167.20
1166.95
1165.32
1162.52
1160.02
1151.64
1145.14
1140.64
1136.67
1136.67
1136.67
1136.67
1135.19
1135.19
1127.90
1116.15
1105.30
1102.57
1090.14
1088.20
1085.76
1084.15
1082.73
1078.94
1078.94
1075.67
1067.22
1060.62
1057.77
1051.16
1033.90
1030.87
1030.15
1028.65
1028.65
1023.49
1018.54
1017.31
1013.97
1013.97
1012.62
1009.51
1008.61
1007.72
1007.72
1002.41
992.44
990.41
990.41
990.41
987.12
985.43
985.43
984.08
981.12
979.39
979.39
976.89
973.15
971.21
968.68
967.83
967.83
964.07
962.83
958.76
955.70
955.70
955.70
954.58
953.63
948.63
942.45
939.80
939.80
939.61
939.30
