748259.20
746480.40
745237.00
744799.00
743781.00
738068.60
736681.00
735195.40
728413.80
719476.20
716481.40
714885.40
709799.20
707369.20
698903.40
695427.80
690964.00
689990.00
687513.00
684698.20
681177.40
678542.20
677589.00
671724.80
663789.80
663789.80
662774.60
662047.80
656652.20
654751.00
650679.60
646899.40
644937.60
644128.20
643767.20
642941.40
642941.40
641115.40
640077.40
638852.20
638285.20
636073.60
635445.80
629706.00
629187.60
629102.60
628138.00
627850.60
627370.40
625431.40
622502.40
621128.60
620356.20
619976.20
619976.20
617437.20
614922.40
613581.00
613264.20
613244.20
609411.60
608498.80
604820.60
604820.60
603776.80
603776.80
603312.00
601420.80
600735.00
597831.80
597585.60
596808.00
594804.00
594804.00
593901.60
593901.60
591922.20
591200.80
591008.60
590700.80
590355.00
588593.00
587892.00
585753.00
584190.60
583055.00
581541.40
580780.20
580352.00
580272.00
580135.60
579428.40
578178.60
576207.80
574208.60
570942.00
569669.60
569669.60
568939.60
567551.00
