305307.60
304578.40
303058.20
302130.00
301098.40
299833.80
297217.60
296104.80
294332.40
293056.40
292759.00
291207.40
290163.60
289538.80
288342.20
287344.80
286756.20
285933.20
284161.80
283669.80
282792.60
281230.20
281187.60
279670.20
279089.40
278469.60
278359.20
276773.40
276348.00
276001.20
275767.20
275428.20
273934.60
273498.20
272548.40
272548.40
271657.40
270012.00
270012.00
269985.60
269511.80
269452.60
269448.20
269092.40
269092.40
268662.60
268383.00
267754.80
267336.20
267067.60
266855.40
265757.20
265558.20
265221.60
264226.20
264226.20
264226.20
264070.40
263849.00
263297.40
262854.40
260872.00
260863.00
260093.00
259734.60
258988.60
258812.20
258573.40
258091.20
257695.40
257410.40
256582.40
255821.60
255614.40
255468.20
255300.80
254948.20
254948.20
254767.00
253736.20
253538.80
251962.00
251743.20
251214.20
250917.60
250283.60
250268.00
250268.00
249667.60
248772.20
248090.80
247639.40
247590.80
247498.60
247071.20
247023.20
246903.40
245804.00
245576.00
244996.80
