502775.40
502245.00
501455.80
495078.60
494877.20
484447.20
482032.40
478385.20
476481.20
473986.60
466481.00
460315.00
455983.80
453474.00
450856.40
450794.60
448787.00
445107.60
443711.00
442199.60
440598.40
435039.20
433687.60
428913.80
425230.00
423268.20
423233.20
419894.60
419529.00
414602.80
414482.60
411460.40
411460.40
411460.40
411346.00
409716.20
408570.00
408570.00
406973.60
406029.80
404513.00
401870.80
400774.00
400552.00
398629.80
396964.20
395601.40
391776.80
391776.80
386754.60
386269.40
385784.20
385784.20
383986.80
383986.80
382776.60
379655.40
378729.20
378594.00
377618.00
377618.00
377205.60
374207.40
373722.20
373232.40
372754.60
372185.40
370402.00
370402.00
368323.20
363879.00
363261.40
361006.40
360366.40
359806.20
359373.20
358221.80
356685.20
355177.00
354789.00
354789.00
349028.40
349028.40
347828.40
346954.80
344970.60
344813.20
344058.20
343777.80
341401.00
339629.00
338248.80
337627.60
337230.80
334993.60
332974.20
332626.40
331952.20
331952.20
331952.20
