307264.40
306252.40
305544.00
305500.60
304359.80
303853.40
303318.20
302509.00
300637.00
299478.00
298706.40
296753.60
294832.60
293586.80
291737.80
291226.60
290372.40
289715.80
289070.60
288004.00
286835.00
286233.00
286196.60
284937.60
283738.20
282643.20
281909.40
281329.00
280024.20
278632.40
278460.40
277479.20
277479.20
276671.00
275950.00
274895.60
274337.20
273395.00
272489.60
271757.40
271088.20
270804.60
270601.60
270514.60
270492.20
270470.20
270319.00
268891.60
268215.00
268051.20
266578.40
266263.00
265857.00
265236.80
265236.80
265091.20
264473.00
264091.60
263324.20
263324.20
262795.00
262732.00
262362.40
261988.00
261981.80
261654.20
260317.80
259447.40
259447.40
259398.60
259179.00
257849.40
257405.20
256647.20
255635.80
255635.80
255635.80
255635.80
254446.40
254446.40
254415.60
253973.00
253973.00
253022.00
252329.80
252329.80
252329.80
252326.40
251689.60
250768.60
250768.60
250106.20
250055.00
249994.40
249632.60
249233.20
249065.20
249060.40
248847.80
248566.60
