232508.20
231953.40
231372.80
229972.60
229060.80
228531.20
227458.20
225606.60
224743.60
224278.60
222911.80
222299.00
221560.80
220036.40
217443.00
217443.00
216194.80
215629.00
214535.20
214322.80
213065.20
212832.20
212221.80
211160.60
209844.80
209025.20
208018.00
207984.40
207661.00
207568.80
206187.20
205644.00
205592.80
205135.60
204522.20
204003.00
203914.40
202190.60
201102.00
200079.00
199703.40
199703.40
199689.40
199661.20
199005.00
198796.00
198342.00
198342.00
198183.80
197264.40
196903.40
195432.80
195432.80
194624.20
194441.00
193919.80
193893.00
193495.40
192738.40
192393.60
192278.20
191558.20
191401.00
191175.00
191086.60
190400.00
189916.80
189640.80
189412.40
188873.00
188767.20
188004.40
187913.80
187654.40
187060.80
187059.20
186706.00
186706.00
185902.00
185802.00
185193.20
185193.20
185193.20
184798.00
184147.40
184066.40
183997.80
183914.80
183689.00
182825.60
182824.40
181981.60
181901.00
181525.20
181318.00
181190.60
181114.20
180841.80
179628.80
178735.60
