577946.00
576089.40
567458.40
562427.60
561725.60
561682.80
557054.60
557054.60
556695.80
556634.80
553706.00
548893.00
543616.40
542015.80
540797.80
538335.80
536643.00
534446.20
530664.00
529265.20
528526.40
523982.00
523844.40
521964.00
520455.60
519331.60
519201.80
518055.40
518055.40
517984.60
517550.60
516315.20
515680.40
515535.80
514420.00
510024.20
509464.20
509464.20
507459.00
506738.20
506331.80
506331.80
503188.40
503085.00
500663.60
499056.40
499056.40
498367.20
498367.20
497759.80
497385.00
495205.40
494139.80
494078.40
492739.80
491094.40
489215.00
487045.00
486785.60
486004.20
485641.20
485005.00
483585.40
482524.80
481331.00
481331.00
481331.00
480064.20
479233.00
479011.60
478873.20
477800.00
477498.00
476848.40
476848.40
475783.60
474575.00
473813.60
473813.60
472450.60
471728.60
471717.00
470836.40
470241.40
469430.40
469375.20
469234.40
468158.80
468158.80
468158.80
467497.20
465242.40
464942.80
464454.00
464454.00
463358.60
462454.40
460806.00
459817.20
459221.20
