1479620.00
1479436.00
1470894.00
1466484.00
1465540.00
1464196.00
1460050.00
1459162.00
1454806.00
1451312.00
1446154.00
1435284.00
1431778.00
1427264.00
1426640.00
1421350.00
1415068.00
1413308.00
1412594.00
1410460.00
1402836.00
1397316.00
1396142.00
1393536.00
1392502.00
1390944.00
1388838.00
1385060.00
1383042.00
1379338.00
1372466.00
1370868.00
1370868.00
1369472.00
1369472.00
1368352.00
1367622.00
1363358.00
1361784.00
1360044.00
1358962.00
1358368.00
1356310.00
1352930.00
1350146.00
1348840.00
1347486.00
1345612.00
1345350.00
1343892.00
1341720.00
1335170.00
1334250.00
1333848.00
1329924.00
1327358.00
1325108.00
1325102.00
1322902.00
1322218.00
1320096.00
1317920.00
1317122.00
1316196.00
1316196.00
1314108.00
1312286.00
1312242.00
1310534.00
1307236.00
1306536.00
1305940.00
1304320.00
1303456.00
1302880.00
1300928.00
1296058.00
1295238.00
1294414.00
1291796.00
1291668.00
1289664.00
1287412.00
1287288.00
1287288.00
1284706.00
1283052.00
1280964.00
1277804.00
1276992.00
1274928.00
1274928.00
1272842.00
1271876.00
1271876.00
1270292.00
1268980.00
1268152.00
1266700.00
1264316.00
