109248.20
108378.20
108038.20
106716.00
105951.80
105584.60
104804.80
103947.20
102558.42
101608.58
101407.10
99117.30
98304.84
98118.12
97711.56
97654.24
96377.58
94936.80
94684.32
94264.18
93877.62
93502.06
93303.98
92722.78
92658.60
91505.16
91372.04
91114.12
90646.92
90271.36
89792.98
89427.06
89155.62
89081.66
88396.86
88214.06
88100.78
88075.78
87722.12
87414.08
86987.60
86862.98
86495.32
86373.14
86074.14
85958.68
85710.04
85486.30
85186.44
85054.20
84751.18
84707.22
84687.84
84518.64
83733.20
83367.32
82967.26
82563.10
82528.44
82528.44
82431.28
82394.12
82016.08
82016.08
81912.96
81912.96
81398.34
81276.52
81271.96
81225.08
81067.52
81066.66
80581.06
80499.84
80443.40
80375.84
80004.66
80004.66
80002.78
79869.86
79562.32
79418.50
79409.64
79115.06
78781.30
78532.22
78415.92
78259.88
77999.82
77680.68
77679.64
77584.88
77220.78
77201.04
76366.58
75957.94
75957.94
75779.48
75777.12
75758.38
