42864.9
42864.9
42659.7
42659.7
42078.9
42078.9
42078.9
41710.9
41710.9
41077.4
40037.1
40037.1
39997.7
39997.7
39997.7
39997.7
39595.7
39595.7
39373.5
39373.5
39373.5
39218
38792.7
38792.7
38792.7
38107.6
38107.6
38107.6
38107.6
38107.6
38107.6
37550.3
37550.3
37066.2
37066.2
37066.2
37066.2
37066.2
37066.2
37066.2
36895.7
36615.7
36615.7
36572.1
36572.1
36212.7
35844.3
35844.3
35844.3
35784.1
35784.1
35784.1
35543.4
35543.4
35132.1
35132.1
35132.1
35132.1
35132.1
35132.1
35132.1
35132.1
34917.8
34351.8
34351.8
34351.8
34351.8
33726.2
33726.2
33726.2
33726.2
33726.2
33726.2
33726.2
33726.2
33726.2
33726.2
33726.2
33033.5
33033.5
33033.5
33033.5
33033.5
33033.5
32988.9
32988.9
32988.9
32988.9
32863.8
32863.8
32736.4
32541.6
32541.6
32404.3
32318
32149.3
32149.3
32149.3
32149.3
32149.3
