1.59451e+06
1.58197e+06
1.58197e+06
1.58108e+06
1.57244e+06
1.57244e+06
1.56478e+06
1.56478e+06
1.55349e+06
1.55349e+06
1.53892e+06
1.53892e+06
1.53892e+06
1.52412e+06
1.52412e+06
1.52412e+06
1.52169e+06
1.5169e+06
1.5169e+06
1.5122e+06
1.51204e+06
1.49888e+06
1.49055e+06
1.49055e+06
1.48519e+06
1.48519e+06
1.48519e+06
1.48189e+06
1.47906e+06
1.46771e+06
1.4612e+06
1.4612e+06
1.45107e+06
1.45107e+06
1.43224e+06
1.43224e+06
1.43224e+06
1.43224e+06
1.43224e+06
1.43017e+06
1.41701e+06
1.41701e+06
1.40478e+06
1.40478e+06
1.40478e+06
1.39458e+06
1.39458e+06
1.39458e+06
1.39458e+06
1.39458e+06
1.38708e+06
1.38708e+06
1.378e+06
1.37706e+06
1.366e+06
1.366e+06
1.366e+06
1.36429e+06
1.35677e+06
1.35677e+06
1.354e+06
1.354e+06
1.3206e+06
1.3206e+06
1.31185e+06
1.3108e+06
1.30314e+06
1.30314e+06
1.30314e+06
1.30314e+06
1.30314e+06
1.30314e+06
1.29686e+06
1.28826e+06
1.28826e+06
1.28826e+06
1.28179e+06
1.28179e+06
1.28081e+06
1.27523e+06
1.26577e+06
1.26577e+06
1.26577e+06
1.26577e+06
1.26472e+06
1.26472e+06
1.26472e+06
1.26333e+06
1.25807e+06
1.25762e+06
1.25762e+06
1.2484e+06
1.24793e+06
1.24793e+06
1.24348e+06
1.24348e+06
1.24348e+06
1.24348e+06
1.24348e+06
1.24348e+06
