8241.3 610287
233617 345971
580930 49788.8
478233 141645
241430 341136
75238.8 511484
296649 297619
157977 488425
163107 444646
73645 531572
233381 350747
449600 205444
17544.5 585302
419611 229035
199874 386569
431616 223351
398527 233449
184687 402099
207449 381972
241300 345696
515831 92776.4
74174.8 512839
488298 121968
383212 247799
475396 142784
225210 362501
525190 80813.5
31352.5 558624
201847 385888
503769 106565
158627 481464
282226 305764
372166 260987
27148.3 561020
426400 227503
356667 268838
288062 300187
318982 280306
559888 58233.6
271284 322256
541934 71013.5
16849.9 600296
153041 493644
314312 293330
274977 318077
226736 362018
416395 230494
152403 495522
382931 250454
279709 309489
325212 278624
287227 302835
151861 497787
450602 149111
229601 360277
439024 212376
577223 55464.2
223527 368888
278810 311367
161585 452894
25029.8 583064
496703 118572
