690485
690485
690485
690485
690485
677879
674448
674448
674448
674448
673466
669556
667614
663934
663934
663061
658263
658263
656045
654579
654579
654397
650403
642227
642227
642227
642227
640231
640231
640231
634485
634485
626982
626982
626982
626982
626982
624029
624029
623347
623347
620703
619706
619417
617116
617116
613775
611087
609521
607065
607065
604349
602198
602198
602198
601627
601627
601627
601627
601627
598233
598233
598233
598001
598001
593468
593468
593468
590862
590862
590862
588434
585287
585287
585287
585287
585287
585287
585287
585013
584076
584076
575255
575255
575255
575255
575255
575255
575255
575255
575255
575255
574893
571594
568810
568810
568810
568678
568678
568678
