223658
223658
223658
223658
222181
221672
221672
221672
217944
217944
217944
217944
216618
216618
216618
215082
213683
209547
209547
209547
209547
208078
205674
205674
205674
203562
203562
203562
203562
198904
198904
198904
198904
198904
196262
196262
196262
196262
196001
195609
195054
195054
195054
193149
193149
193149
193149
192016
191438
190918
190918
190918
189660
186430
186430
186430
186430
186430
186430
184393
184393
184393
183919
183919
180970
180970
180970
180970
180970
180970
180970
180486
178561
178561
178561
178561
178561
177043
177043
175396
175396
175396
175396
175396
175396
175396
175396
175321
173012
173012
173012
172337
172337
172337
171908
171908
171908
171561
171561
170299
