1.41421 341.841
120.438 185.228
316.119 11.4142
11.1231 297.283
209.467 122.239
114.114 220.651
139.043 181.153
287.277 50.7655
302.313 25.1783
119.333 193.377
292.887 32.9357
94.4574 239.493
230.318 98.3666
57.1031 256.468
218.327 99.7361
236.298 89.9194
99.4842 230.044
129.949 184.117
171.12 172.572
241.846 87.4741
42.0538 286.226
251.259 63.3194
7.12311 318.213
248.089 73.8665
280.495 54.6506
276.861 55.8867
68.4131 255.394
131.13 183.841
205.791 129.62
131.13 183.841
167.111 177.029
170.748 172.87
180.975 143.442
86.8796 247.932
9.12311 310.939
69.2711 252.644
179.425 157.14
181.249 134.997
115.767 207.2
206.555 127.148
57.0639 263.378
222.799 99.599
52.7047 264.927
283.348 53.6032
98.4574 238.729
169.111 174.379
191.942 133.93
50.161 271.535
28.8678 291.25
84.0207 251.934
183.434 134.831
93.1941 243.247
309.68 12.7575
48.8512 275.565
297.454 25.4582
114.426 210.362
