727399
721267
698360
698360
698360
698360
698360
687455
687455
687455
658994
658994
657621
657621
656204
653790
650555
644967
644967
644967
644967
643862
643862
643862
643862
643862
634821
629580
629580
629580
608829
606322
606322
606322
603849
603849
603849
593887
593887
593887
593887
593887
593887
592609
585508
585508
585508
585508
585508
585508
585508
585508
585508
580327
580327
580327
577047
572434
572434
572434
567704
567704
567704
567704
567704
567496
567496
567496
565467
560887
560887
560887
559404
555932
555692
555692
550874
550874
550874
550874
550874
550874
545032
545032
545032
545032
545032
545032
545032
545032
545032
545032
545032
543173
543173
543173
534561
534561
534561
534561
