77.2334 16564.2
14132.7 1856.95
16432.6 392.655
3179.05 12834
973.516 15382.2
3333.39 12686.7
2647.39 14666.6
14533 1502.35
7949.2 8766.09
3172.97 12899
9637.5 7235.11
1185.87 15003.2
14625.7 1459.02
10867 5867.6
15481.3 908.796
14306.4 1794.14
6779.85 9693.2
9973.89 6661.43
12531.1 3577.36
6151.3 10445.2
3152.73 12970.2
11598.2 4998.56
9035.08 7311.88
5082.18 11391.2
394.518 16189
11494 5135.39
11121.8 5355.1
7313.08 8964.07
2835.27 14532.7
8700.5 8685.84
10504.6 6083.65
4821.31 11804
683.789 15703.8
6319.81 10443.4
3109.61 13088.8
4661.99 11988.2
4244.09 12312.7
10692.3 5948.54
14051.4 2158.24
2978.69 13963.1
8750.93 7718.05
10517.7 6070.41
12421.7 4399.96
11774.5 4621.73
4219.85 12447.2
582.868 16155.2
6121.9 10686.8
7306.69 9065.57
4394.26 12241.6
16360.7 426.218
5828.3 11015.9
5053.96 11570.5
3007.39 13290.6
11668.5 4878.24
11253.1 5210.28
15855.3 640.26
12291.7 4448.64
2972.48 14097.7
