0 509830
25890.7 86310
0 212024
372308 0
153434 3631.32
4638.18 137255
3569.31 203057
228611 2860.07
8156.01 125311
110216 21317.3
12449.4 104638
139039 12971.4
123715 14570.7
90556.2 33340.8
218735 3049.35
22014.9 94540.1
17826.2 98014
2090.14 207426
10027.2 111446
61269 51660
42972.9 70331.2
59641.7 60008.5
92662.9 22768.6
81339.8 36703.7
51493.9 65509.9
80984.8 41054.7
90759.5 26205.1
38764.1 75340.4
57207.8 61437.2
69049.7 45179.2
236675 2594.71
66669.6 48954.7
75257.2 45157.2
8334.93 203523
75936.3 42865.9
14307.6 103040
104533 27376.8
37234.6 79345.8
55449.8 63734.1
9794 174540
65592.8 51071.7
20734.5 105317
36691.5 80078.9
35714.6 80907.5
31249 82529
13150.7 163873
60105 70177
33568.9 185797
124219 135643
30428.8 103397
304981 37475.7
82388.3 166485
39144.9 139462
108152 76939.6
83035.2 54330.9
129998 86479.2
33476.3 90852.9
63653.1 60959.4
184823 172891
100997 142118
133642 194508
350288 56743.7
124184 97732.6
48332.7 122535
80172.5 46989.3
73153.9 80927.2
269763 82375.2
63534.2 276174
34444.6 324828
61079.2 101460
308275 67689.1
243197 108055
43043.7 133206
155153 108471
95652.5 262659
162623 106615
216012 139250
133437 242228
210285 156140
319612 57700.8
68577.9 60964.3
60787.6 122728
256143 101903
115416 243444
108577 259625
56162.5 130233
103254 27701.1
212525 141864
219653 39986
160296 88034.5
36705.7 223637
47918.1 184261
138357 126081
193851 74736.2
191252 40857.8
220847 49031.4
197456 72520.6
151964 118214
38321.3 233475
205727 77049.4
