7.9907 332.555
186.367 124.73
329.243 10.6503
290.309 49.1228
138.832 190.113
80.4674 243.971
47.1838 267.241
221.449 110.898
25.8864 288.941
182.879 139.871
195.065 119.866
252.123 86.5091
196.488 118.452
14.0552 307.64
183.087 132.171
219.512 116.583
161.318 154.066
68.6669 256.172
191.085 124.59
260.284 61.9456
40.0607 280.412
117.738 198.344
154.923 177.826
123.162 192.93
317.059 11.7388
9.81256 310.11
125.616 190.92
103.454 217.3
302.676 34.4516
158.865 160.757
92.1763 232.02
104.625 212.159
271.792 51.0744
120.964 195.873
153.916 179.062
121.703 195.402
264.603 58.8653
104.44 212.903
126.754 190.637
238.852 99.2288
93.4124 229.633
302.895 19.153
89.9516 241.257
230.581 99.3026
229.6 104.987
122.983 194.847
267.436 54.7833
113.283 208.263
109.471 209.894
256.754 62.6697
107.383 211.495
14.0552 307.64
160.708 158.003
115.725 204.186
159.849 158.757
194.648 124.326
104.041 214.634
114.78 204.442
104.355 214.494
240.896 90.2931
72.8675 255.227
101.66 225.662
279.788 49.6684
230.549 100.002
114.602 206.776
