487453
487453
481762
481762
481762
481762
478958
478958
476512
476512
438222
438222
438222
438222
437176
433603
433603
433603
430009
430009
430009
429089
428997
422310
421179
421179
419274
416599
416599
405950
405950
402430
392445
392445
392445
392445
392045
391400
387067
387067
386695
380823
380823
380823
376141
374735
374735
374735
373604
369103
369103
365204
365204
365204
365204
361846
361846
361846
361846
354085
351790
351790
342769
342769
325521
325521
325521
325521
325521
325521
325521
325521
319261
319261
316248
316248
316248
316248
316248
316248
316248
316248
316248
316248
315664
313203
313203
307137
307137
307137
307137
307137
307137
307137
300429
300429
300429
297403
292978
292978
