1.49039e+06
1.49039e+06
1.49039e+06
1.49039e+06
1.47663e+06
1.45511e+06
1.45511e+06
1.4476e+06
1.4476e+06
1.4476e+06
1.43931e+06
1.41413e+06
1.41413e+06
1.41413e+06
1.41413e+06
1.41413e+06
1.41413e+06
1.41413e+06
1.41143e+06
1.40391e+06
1.40391e+06
1.40391e+06
1.40391e+06
1.40391e+06
1.39986e+06
1.38602e+06
1.38602e+06
1.38602e+06
1.38087e+06
1.37016e+06
1.37016e+06
1.37016e+06
1.36886e+06
1.36504e+06
1.36187e+06
1.36187e+06
1.3614e+06
1.35623e+06
1.35623e+06
1.3554e+06
1.34891e+06
1.34081e+06
1.34081e+06
1.33779e+06
1.33779e+06
1.33779e+06
1.33779e+06
1.33779e+06
1.33779e+06
1.33779e+06
1.33495e+06
1.32546e+06
1.31909e+06
1.31909e+06
1.31909e+06
1.31909e+06
1.31909e+06
1.31909e+06
1.31152e+06
1.31152e+06
1.31152e+06
1.3063e+06
1.29722e+06
1.29722e+06
1.29722e+06
1.29108e+06
1.29108e+06
1.28554e+06
1.28449e+06
1.28197e+06
1.28197e+06
1.27853e+06
1.27728e+06
1.26319e+06
1.26319e+06
1.26319e+06
1.26319e+06
1.24339e+06
1.24339e+06
1.24339e+06
1.24339e+06
1.2402e+06
1.2402e+06
1.2402e+06
1.2402e+06
1.23113e+06
1.21915e+06
1.21915e+06
1.21885e+06
1.21885e+06
1.21885e+06
1.21885e+06
1.21254e+06
1.21254e+06
1.21254e+06
1.21254e+06
1.21254e+06
1.20917e+06
1.20917e+06
1.20917e+06
