289.352 30.2913
82.4568 217.532
1 308.762
79.6284 220.789
121.824 182.84
79.3671 221.71
103.234 217.021
77.7022 224.195
73.0684 255.447
82.1761 220.092
172.666 161.24
241.95 75.6149
40.9809 278.251
286.88 32.2913
118.662 184.365
180.619 154.562
62.1218 258.457
25.961 290.03
77.3124 226.38
276.814 39.683
190.197 143.824
126.745 178.368
240.802 77.6794
120.031 184.002
244.861 68.3997
116.995 187.045
205.932 103.363
109.759 194.437
233.979 80.2968
201.932 106.159
196.927 111.411
87.9488 217.302
115.302 190.725
233.801 82.3613
196.341 117.822
194.261 137.781
146.735 162.58
73.0684 255.447
20.1224 301.464
132.008 176.121
77.0966 228.224
219.192 99.5163
22.5412 292.23
273.436 43.9572
173.955 158.525
257.289 59.0939
42.9358 263.97
173.65 161.062
223.483 82.8826
62.1218 258.457
60.1218 261.223
270.648 49.4824
75.8504 246.559
266.544 51.7119
195.253 134.534
216.72 100.688
20.4787 296.141
238.507 79.0291
272.721 45.3678
24.1224 292.15
