728.243 77911.5
6186.42 69311.7
82817.9 728.243
62631 13189.1
51670.8 29606.3
8480.07 67508.2
60500.1 22886.7
26386.4 53474.6
9621.82 66408.3
28497.5 51157.4
66274 9813.49
74852.4 5719
16432.6 62020.5
1203.05 75416.8
36750.3 42698.7
67144.6 9476.73
54621.2 25591.6
43924 32700.1
20768 59743.2
34985.1 45766.8
25989.1 55782.9
68625.3 8507.2
74785.5 5998.73
58542.9 22991.2
1830.81 75397.7
75271.8 2143.26
57959.1 23014.6
40550.2 40006.4
31009.6 49195
14405.6 65437.8
65001.7 12448.1
65603.4 11937.4
49829.7 31866.2
40586.3 37315.2
61993.6 21407.1
38741 41434.2
15678.6 63208.9
64643.2 13072.2
5441.26 74163.6
53007.9 27063.1
57382.3 23595
17348.7 61223.4
70509.4 7901.42
22780.1 58244.5
30768.2 50776.9
71706.6 7873.2
48050.3 32299.5
77672.3 1048.77
25404.9 57928.1
54836.1 25485.6
74598.5 6062.39
31232 47010.1
26557.4 51784.7
56004.3 23928.1
40084 40619.3
