16052.6 891.926
463.732 14987.7
0 17232.4
33004.3 182.62
25869.5 237.473
23515.6 614.36
24093.2 264.885
0 95754
66409.5 7278.98
7562.25 10014
11455.3 5457.22
13927.5 2799.61
5713.27 12239.9
12782.7 4747.95
2685.63 13863.4
15238.9 2022.57
5526.28 13836.3
2094.63 14932.4
11504 5243.06
376.144 15901.2
195.133 16907.1
21505.8 19805.8
3746.53 30868.6
530.617 22553.4
17889.1 2843.98
32718.2 12531.9
12326.2 39396.7
64964.7 25322.7
55747.4 17935.4
407.541 18712.2
34958.9 39638.4
1991.42 17017.8
45123.7 8522.91
2521.87 18712.4
39757.3 19242.2
38094.9 23274.1
7191.75 46777.6
1775.14 16542.3
594.831 21114.4
923.843 67207.6
19838.4 61021.4
4222.35 41780.5
71760.1 20467.1
2864.69 49543.2
31201.5 47640.6
43529.6 14632.3
21892.8 54935.8
3214.85 33701.8
2147.96 62594.3
1866.33 17558
871.913 73876
4222.35 52079.1
392.703 17352.1
923.843 54194.8
32029.7 40040.5
925.721 38190.4
5518.16 50976.3
872.556 35213.8
4382.73 31903.2
16787.9 19918.3
213 36719.3
12296.2 25056.8
1225.24 36144
10262.9 27491.1
27031.1 10858
24033.3 13919
11729.1 26571.1
8350.83 30286.9
10259.2 28870.1
2131.28 37136
2416.66 37277
8898.44 30823.2
14594.9 25214.1
17377.3 22469
819.794 39106.5
9089.56 30840.1
28974.4 11016
9862.87 30160.9
20318.2 19793.3
31765.1 8371.24
3200.69 36972
5367.18 34871.1
20147 20112.6
20013.7 20248.6
8843.92 31521.5
17449.9 23022.8
17684.8 22823.8
7209.71 33385.8
33207.2 7669.88
4674.62 36202.5
23781.4 17138.6
12656.3 28311.1
5337.55 35653.6
364.246 40718.5
6370.05 35004.5
3077.19 38369.2
4843.66 36622.3
22112.6 20688.7
971.729 43969.3
8005.62 37059.9
