567089
567089
567089
562921
562921
562921
562921
555240
555240
555240
542655
542655
542655
542655
542655
542324
542151
531235
531235
531235
521178
521178
521178
521178
521178
511971
511971
511971
511971
506713
506713
506713
506713
506713
488454
488454
488454
484532
484532
484532
484532
484532
483495
462965
462965
462965
462965
462965
462965
462965
462965
454012
454012
454012
454012
448151
448151
448151
448151
448151
441911
441911
441911
441911
441911
441911
436090
436090
436090
434409
434409
434409
434409
434409
434409
432604
428933
428933
428933
425226
415288
415288
415288
415288
415288
415288
415288
415288
415288
415288
413783
412854
405138
405138
405138
405138
405138
405138
405138
405138
