7500.08 674178
365746 305619
676787 63857.9
361700 315780
132338 581670
364914 315202
471973 267304
365613 314727
557340 173969
69907.1 610545
606765 89545.6
76952 604595
122847 588420
436764 274993
358797 345881
482097 258186
624680 89308.3
251153 434683
354028 371287
96945.2 590860
663630 76807.5
61224.4 632482
388183 299154
214448 499505
314693 388259
54843.3 650511
250449 470789
606431 111406
95762.4 592426
287828 424176
412609 290387
386872 302248
156374 552655
194067 516392
435488 280959
194701 508741
176847 535321
87388.8 602315
407872 294711
535608 200414
226817 481008
543743 183502
296790 409398
302409 396916
538969 194337
506744 205028
339978 379548
634381 88468.5
361464 331747
469546 269031
503427 211398
173036 541546
302393 398722
398866 298316
220797 491390
421982 284661
265285 431727
548060 178104
