40951.1
40951.1
40805
40805
40530.3
40530.3
39629.6
39629.6
39629.6
39263
39245.6
39038.6
38644.6
38644.6
38564.5
38491.6
38220.6
38014.7
38014.7
37835.2
37817.3
37817.3
37762.7
37670.7
37670.7
37160.7
37160.7
37160.7
37159
36232.4
36232.4
36232.4
36232.4
36206.7
35857.8
35857.8
35857.8
35857.8
35857.8
34850.7
34850.7
34752.2
34752.2
34752.2
34752.2
34752.2
34408.6
34363.7
34363.7
34059.4
34059.4
34059.4
34059.4
34059.4
33606.7
33606.7
33606.7
33606.7
33606.7
33606.7
33432.1
33400.3
33400.3
33400.3
32905.8
32905.8
32905.8
32905.8
32905.8
32783.7
32783.7
32783.7
32505.3
32505.3
32505.3
32505.3
32505.3
32505.3
32454.3
32220.4
31807.3
31807.3
31702.3
31552.9
31428.6
31382.9
31382.9
30674.2
30388.4
30374.8
30374.8
30374.8
30350.7
30350.7
30350.7
30350.7
30350.7
30350.7
30350.7
30350.7
