942919
942919
942919
942919
942339
942339
938191
934003
929012
929012
925843
918359
906590
906590
895847
895847
895847
895847
889371
889371
884925
884925
880643
879588
865295
865295
865295
865295
865295
859056
859056
858047
858047
858047
855377
846713
840414
840414
836720
834686
827718
819937
819937
819937
819933
818522
812839
811394
811394
811394
811394
811394
811394
805030
805030
805030
805030
805030
805030
805030
786336
786336
786336
786336
786336
786336
774547
770029
765910
760183
760183
760183
760183
758297
757584
748610
748610
748610
748610
748610
748610
748610
748610
748610
747475
747475
739556
739556
739556
734252
728579
724974
724974
724974
721993
721993
721993
721212
721212
718036
