1464.67
1463.78
1422
1422
1420.77
1420.77
1395.64
1395.64
1395.64
1394.82
1380.61
1370.05
1318.79
1318.79
1318.79
1294.27
1294.27
1294.27
1246.58
1246.58
1246.58
1246.58
1246.58
1246.58
1225.02
1225.02
1225.02
1225.02
1225.02
1225.02
1225.02
1190.44
1190.44
1190.44
1187.48
1187.48
1172.53
1162.74
1160.47
1158.59
1137.13
1137.13
1137.13
1137.13
1137.13
1137.13
1091.62
1091.62
1091.62
1091.62
1091.62
1091.62
1091.62
1091.62
1091.62
1091.62
1091.62
1091.62
1079.48
1075.89
1073.92
1073.92
1073.92
1058.1
1058.1
1058.1
1051.72
1051.72
1051.72
1051.72
1031.2
1026.44
1026.44
1026.44
1016.14
1016.14
1016.14
1016.14
1016.14
1016.14
1016.14
1016.14
1016.14
1016.14
1016.14
1006.26
1006.26
1006.26
1006.26
1006.26
999.666
999.666
999.666
999.666
975.329
975.329
975.329
975.329
959.422
941.177
