493843
493843
493843
493843
493843
493843
493780
493780
480735
480735
467297
458067
458067
458067
458067
452939
452939
450047
450047
448955
448955
441704
441704
440262
440262
440262
438076
432647
432647
432647
428663
428663
428663
427924
427924
411990
411990
411990
411990
411990
411990
411990
411990
411990
405709
405709
404788
403776
399351
399084
399084
397898
393633
393467
388172
388172
387967
387967
387967
386357
386357
386357
384254
384254
384254
384254
378191
378191
378191
377571
377571
377571
374803
374803
374803
369213
369213
369213
369213
369213
369213
360452
360452
360452
355996
352284
352284
352284
352284
352284
352284
348980
348980
348980
348980
346270
346270
346270
346270
343975
