418.229
418.267
417.727
417.727
417.727
414.052
411.8
411.8
410.194
410.194
406.76
403.879
401.217
393.286
393.286
393.286
393.286
390.544
389.372
389.372
389.372
385.34
385.34
379.507
379.507
379.507
379.507
379.507
379.507
374.496
370.333
370.333
370.333
370.333
366.922
366.214
361.27
359.76
359.76
354.538
349.801
349.801
349.801
349.801
349.547
348.423
347.705
346.455
343.616
343.616
343.616
342.464
341.152
337.784
337.784
335.707
334.682
333.757
328.741
328.741
328.741
326.443
326.443
324.777
322.37
322.151
322.151
322.151
322.151
320.898
320.898
320.898
317.254
317.254
317.254
317.254
315.864
315.864
315.864
315.864
315.458
314.275
313.254
313.254
312.131
312.131
304.664
304.664
304.664
303.935
303.935
303.935
303.935
302.995
302.268
302.268
302.268
302.268
301.077
299.989
