137.295 16641
1339.6 14453.8
16253.8 380.541
3019.59 12940.6
16551.2 196.66
3004.09 12977.5
15057.8 1519.38
6441.89 9581.91
17425.3 1588.73
11557.8 4473.08
6280.69 9809.56
9545.18 6498.99
4427.88 11973.1
10246.1 8159.68
5886.6 10221.1
10967.3 5414.33
9457.19 6651.76
12644.8 3693.77
9289.52 6830.45
9811.83 6468.55
5867.14 10267.8
11374.3 5049.18
4158.42 12597.7
7316.62 8823.15
13385.3 6562.24
9327.52 6832.34
8455.63 7948.51
5459.88 10704.1
15375.1 939.541
2632.14 13537
2424.41 13902.2
12216.9 4634.92
939.541 15252.8
10783.6 5554.14
9457.19 6739.1
8013.93 8437.5
6080.34 10119.5
6945.82 9299.78
13208.1 2993.57
4878.06 11353.3
1053.38 15149.6
8184.92 8018.45
14417.6 2465.84
2884.78 13433.4
2911.54 13296.7
1248.42 16173.1
14059.4 5306.31
878.632 15345.5
5599.92 15478.9
4006.57 17964.9
5900.46 10334.1
14560 5156.7
1262.87 19758.8
8027.78 8213.6
9009.25 7232.2
4698.84 13210.2
3075.9 13165.8
2598.46 13812.5
5095.5 12084.2
1053.38 15195.5
5811.9 10437.7
3552.47 12735
10942.3 5445.86
5899.99 10357
3972.17 18014.5
3075.9 13185.9
3699.48 14177.6
6266.34 15349.6
13340.6 2940.33
20509.2 1894.23
7989.58 8293.57
6832.56 14632.5
3075.9 13208.8
7788.71 8610.4
9414.76 6872.23
7172.58 9142.94
1053.38 15238
4572.75 14255.8
7735.31 8647.52
11091 5241.72
8325.78 7974.41
11615.4 10670.8
3657.41 12654
7019.67 9282.09
3075.9 13230.6
