95.0211 17356
6758.96 9269.93
16387.1 1181.17
2895.17 13154.9
12376.2 4102.52
2847.07 13222.8
9069.4 8051.74
14812.4 1503.31
5808.2 10724.3
1596.16 15064.6
9807.03 7411.32
2769.58 13412.4
11344.7 5096.16
1200.51 15827.5
2634.64 13779.4
1101.02 16252
9837.28 7109.46
2766.56 13609.2
10515.9 6064.36
9344.55 7556.53
13539.4 3283.19
14584.8 1702.2
290.718 16394.2
3923.42 12853.2
10484.9 6065.71
8433.69 8528.17
5996.5 10306.7
9930.55 6374.27
14395.4 2017.28
5354.7 11007.3
5253.13 11702.6
5419.23 10980.5
5169.27 11735.4
1034.81 16293.9
2129.97 14439.4
5741.71 10791.2
9881.55 6617.27
10112.5 6216.07
1221.8 15143
1021.37 16367.1
9252.93 7694.48
10649.2 5900.23
2722.73 13645.2
8408.73 8550.73
10714.3 5796.44
9234.04 7700.52
16234.4 1199.8
4491.58 12695.5
10634.7 6008.03
4914.71 11894.4
11065.7 5657.08
8480.65 8079.32
5671.98 10819.6
2092.95 14811.8
5343.83 11521
3937.06 12809.2
9788.72 7452.32
