13729.5 1.22752e+06
639138 550170
1.25192e+06 19907.6
661129 530663
843410 444941
659128 534983
289357 939045
394158 872330
137780 1.11113e+06
607419 647629
977177 303444
1.14919e+06 67522.1
685163 519830
1.07579e+06 192026
940069 338320
93661.6 1.15121e+06
144344 1.0796e+06
403135 819039
638786 567671
554750 694575
678379 528948
726884 501273
1.08424e+06 191988
132233 1.14182e+06
884130 406510
842249 451795
504930 732092
1.21383e+06 31301.8
50418.1 1.16806e+06
627149 618268
751382 483611
228599 996758
1.23849e+06 28195.3
1.18707e+06 54993.8
847730 436657
1.22466e+06 30578.3
637376 574496
701041 518612
406333 805610
1.18261e+06 57115.4
446513 800431
392168 882000
220174 1.00577e+06
1.16349e+06 59073.5
1.11454e+06 158148
590553 678490
282190 943641
28493.8 1.19681e+06
282017 947860
464112 764285
529946 708058
412833 803100
947871 317187
1.10732e+06 175005
498047 738908
468629 757781
