206532 2927.21
45596.9 115792
215422 34548.6
74371.1 87336.6
755.154 203412
144038 24511.3
24511.3 137932
173027 12344.7
159429 15527.2
13714 156829
130409 84442
45596.9 117521
219580 19037.4
16203.3 147502
100791 74038.4
74394.7 89345.4
131924 56475.9
80136.8 83903.4
114084 58220
69725.5 94376.8
133171 30950.7
154903 18823.9
44499.9 119661
122739 47230.8
86929 77714.2
64599.2 142847
81219.5 83451.6
205775 33707.1
39381.9 125311
77152.5 111817
45596.9 119192
35740.6 133431
70462.5 94361
55407.9 114796
99694 74427.7
70462.5 94376.8
118676 49008.5
27668.6 205485
56692.6 108297
42506.6 156969
72080.4 93077.7
60938.1 104613
68698.6 98928.7
62814.3 112594
63800.8 101931
91528.6 114081
88177.6 118562
83719.7 82929.9
22771.8 144435
81219.5 85128.7
79465 101968
75305.1 91145
16203.3 150443
91071.4 75988.2
42506.6 163000
101483 65471.2
69680.4 114158
72780.8 94076.5
134148 68259.1
129293 38164
152563 84161.9
139676 68095
43922.2 123114
212464 39352.9
43884 185328
81349.2 85735.1
110600 132717
62649.7 104479
90861.5 77255.4
35913.1 185217
191578 55539.5
81175.9 139639
111055 88950.1
15321 152230
36702.6 153854
42506.6 153011
62649.7 104933
50508.1 174438
