23416.4 1.20332e+06
72888.6 1.07262e+06
1.14219e+06 46328
606676 540395
1.12151e+06 61137.6
677317 472990
995775 172517
833899 316617
425696 748987
555020 596485
912704 280358
290629 861162
659580 520095
250237 901631
159113 1.03924e+06
553851 598117
406646 804555
268932 883717
966146 204694
356486 827589
938514 235685
268222 885079
296362 860030
271616 881974
451983 704491
594912 558824
845924 308052
791177 393316
600327 554344
162169 1.01224e+06
265668 889060
840633 314187
550813 618552
274244 880617
1.06302e+06 141986
592911 563959
462137 693284
648301 524254
987691 186110
357561 816940
530789 630884
972529 196043
605912 550921
759223 433452
632085 533728
257710 899598
923588 242202
1.08801e+06 120488
521854 639659
515666 655002
46328 1.14039e+06
605402 552983
868981 296377
575546 583086
61137.6 1.11582e+06
529096 634511
589317 571864
577964 580924
533627 628982
208896 957290
139285 1.06097e+06
552447 606884
577664 582366
873744 295162
263269 896525
953454 209666
590954 569283
1.05603e+06 159119
489900 681424
202106 961264
205159 959292
505785 655705
570281 592735
477460 685171
129673 1.06994e+06
