712103
704446
704446
704446
704446
702312
702312
702312
702312
699865
697322
694091
691397
689146
682588
682588
682449
681588
681588
679464
675699
671773
668858
668858
664506
664506
664506
664028
664028
660051
654323
654323
654323
646996
646771
646771
646073
646073
645956
645547
637530
637530
637058
637058
637058
637058
635723
634870
632788
631949
630307
630307
624107
624107
624107
623078
621728
621728
619635
618130
609396
609396
609396
608887
603455
603455
603455
603455
603455
603455
603455
603455
602944
602944
602494
600295
600295
599529
596761
595854
595854
594054
594054
590145
590145
589508
589508
589508
587413
587413
587413
583674
583674
583674
583674
582186
577900
577189
577189
576488
