516.419 247040
184565 52291.6
235277 6870.27
11412.5 225880
223228 21180.3
102580 138708
94713.7 166357
48497.7 202706
154727 83602.8
123096 123542
8075 230444
99931.1 154655
187483 51146.4
220996 24077.1
171508 72357.7
124590 120416
140963 109561
206162 41455
15652.4 223596
29710.6 218302
159932 81007.6
7822.26 231703
139461 110735
172232 71953.1
147835 102751
36074.5 212659
181995 68626.4
69045.2 177974
206804 39945.6
144891 108722
17644.2 222764
87106.1 170669
223183 22752
74180.3 172973
6963.99 236186
11014.4 229232
212096 36846.6
118594 129668
180236 69853.1
63233 183868
6699.58 239862
10247.8 230289
118920 129419
231664 15203.8
96901 162048
83126.7 172474
6746.84 239665
98855.2 160405
199933 44704.2
40982.1 207774
218664 24826
228541 17557.9
101566 140945
225465 19107.1
32039.3 212723
87203 169110
