8748.01 614106
475325 70588.7
563571 13272.6
62426.8 484518
151883 444148
459264 90975.7
131743 474887
34940.6 516735
146764 466560
76677.4 476421
413351 162616
436788 156684
26524.7 528318
506782 68095.3
52125.7 503778
47000.4 509253
205605 358057
380240 199165
468836 87563.5
356942 230408
457191 99950.9
175541 401807
57980 499497
352764 231142
473839 83657.3
531095 46268.3
475243 82829.8
560650 30054.7
473667 84823.8
295338 284826
468461 90194.6
19377.3 549550
299712 284219
379142 200381
247400 343931
46837 513406
334995 244905
520000 60009.3
19375.9 556074
301892 272860
170755 414516
259957 306749
390608 179622
410413 169613
369704 213807
175249 407689
152950 424450
250319 328269
264815 300268
557116 32467.7
258268 319154
334175 262263
312468 266430
13272.6 561811
147277 447867
411382 168337
