467361
467361
467361
467361
459950
459950
459950
454571
443819
436290
436290
436290
436290
436290
436290
436290
436290
436249
422857
422857
422857
422857
422857
418951
418951
418951
397559
397559
397559
397559
397559
397559
384878
384878
384878
384878
384878
384878
384878
382097
382097
382097
382097
363037
363037
363037
363037
362388
360485
356402
335754
335754
335754
335754
335754
335754
335754
335754
335754
335754
335754
335754
335754
335754
335754
335754
333809
331725
325986
325986
319012
319012
319012
319012
317837
317837
317837
306314
300956
300956
300956
300956
300956
300956
300956
300956
300956
300956
300956
300956
293744
293744
293744
290194
290194
290194
290194
290194
290194
290194
