3.60555 309.558
17.3983 277.944
308.083 7.32456
87.8026 208.315
153.707 156.031
305.059 14.7082
12.0486 288.806
255.474 54.3892
166.632 147.85
139.388 173.25
293.218 23.0979
131.021 179.397
249.75 59.8717
15.24 286.424
205.366 108.41
280.452 28.6435
236.353 65.4379
7.32456 308.272
268.015 39.5885
240.101 63.045
14.7678 287.712
79.7477 232.903
75.7192 242.585
216.68 86.0139
144.859 160.937
10.8126 297.538
187.191 115.528
43.8519 260.989
27.9355 276.502
41.4456 261.353
216.028 98.0308
241.095 61.8717
273.932 31.9086
239.858 63.1077
185.357 121.584
231.892 83.0206
25.7967 277.212
115.035 194.371
225.53 84.4591
142.46 161.373
235.278 71.339
176.292 127.631
202.36 109.49
177.056 127.119
197.975 110.001
53.7437 255.45
47.4002 258.6
307.335 7.39835
250.244 57.2269
196.038 111.868
235.278 71.339
69.9843 245.816
120.928 193.77
191.013 114.764
283.688 25.8313
174.522 131.124
40.7947 264.442
206.303 102.554
46.1642 259.908
175.936 130.069
214.614 99.2276
79.0967 234.954
