710615
710615
710615
710615
710615
710615
710615
710615
695736
688140
680760
671598
670291
670291
670291
670291
670291
670291
660857
660857
660857
660457
656150
656150
650903
646946
643994
643453
636519
636519
636519
636519
636519
629643
620285
620285
620285
620285
609291
606319
606319
606319
606319
606319
597772
597772
591329
591329
591329
588822
588822
588822
587199
587199
587199
582713
582713
582233
580895
580895
578025
572828
572828
572828
572828
572828
569932
569932
569932
563267
563267
563267
559543
559543
559543
558700
558700
558700
558700
558700
549409
549409
549409
549409
549409
549409
549409
549409
549409
541393
541393
541393
539432
539432
534028
534028
533217
533217
533217
533217
