230159
230021
230021
230021
229213
229213
226425
226030
226030
225634
220100
216415
213228
212480
212480
211175
210381
209468
209468
209259
204717
204717
204717
203678
203678
203521
200680
200680
200680
200680
200680
199581
199581
199581
199581
197170
197170
194112
194084
193663
193663
191422
191422
191285
191285
188733
186719
186719
186719
186719
186690
186119
183844
183844
180851
180851
180851
180851
180851
180851
180851
180208
180208
180208
180208
180208
180208
178613
178534
178534
178534
178534
178534
177339
176557
176557
176557
176557
176557
175614
175068
175068
175068
175068
175068
175068
175068
172850
172850
172752
172752
172752
172752
172752
172081
172081
172081
172081
171800
169855
