173654 14009.5
22155.6 143309
3979.37 179360
90483.2 84681.7
12891.2 153811
154652 25048.1
6924.8 160095
120364 57363.7
8527.2 158760
148259 31543.2
73963.6 93334.6
137791 39286.7
32632.9 134674
37563.6 132116
16060.9 151261
153827 26632.2
140020 36432.9
141991 33736.3
14188.4 153465
86989.4 89373.9
172281 14347.9
27774.1 140363
134697 47032.9
15387.6 152921
117736 58575.3
73833.1 94596.2
36385.9 133865
15758.7 152721
133667 47567.9
5346.94 179037
45624 126134
75723.5 93079.2
51692.4 119487
116669 59381.3
60344.5 108887
83671.7 91443
6345.99 164923
115326 59867.3
85965.7 90394.6
101406 77809.3
61480 108110
55406 117262
102066 67792
73601.3 99449.6
123726 55117
60045.2 112277
112403 60196.5
152342 28776.3
69709.5 101932
91696.7 83245.7
145647 31715
127231 50644.9
133398 48279.8
51923 118582
60194.8 110674
