116.284 16876.8
7398.74 8293.11
16321.7 289.165
7688.85 8144.97
14407.6 2704.88
14761 1087.14
1450.26 15034.8
14511.3 1373.09
5625.33 11577.9
8165.07 7944.28
13057.3 3071.43
2609.4 13632
10959.6 5509.2
7269.55 8684.07
697.686 15407.9
1753.75 14589.1
14492 1481.7
9617.26 6444.25
12701.6 3718.58
5176.88 11848.4
8789.4 7740.16
12263.9 4055.18
11873.8 5019.77
3649.05 12659
14682.8 1317.67
12096.8 4560.65
9872.4 6194.64
7189.55 8814.06
7037.54 9422.78
14726.1 1277.76
3252.88 13081
12571.9 3754.45
4395.88 12624.4
11277.9 5214.51
7251.94 8780.84
13669.2 2910.93
289.165 16271
5771.61 10424
16019.8 631.134
8114.96 8113.82
3195.91 13243.3
15114.1 1044.41
6695.12 9679.44
2908.59 13503.2
10445.2 5662.15
15408.6 942.77
643.328 15730.7
10494 5598.95
12755 3340.7
14412.2 1742.88
5820.68 10279.8
2600.4 13719.4
12883.3 3310.12
2480.47 13878
10108.6 6016.19
13697.1 2862.19
12539.5 4035.25
565.018 16262.7
6353.64 10207.9
2480.31 14557.7
4447.23 11923.1
5755.06 10542.9
981.003 15188.3
