33681.4 228.633
7988.14 23624
33028.4 516.624
26029.6 5652.59
228.633 33030.2
8230.18 23527.3
23891.5 10594.7
8426.16 23391.5
6311.23 26999.3
10362 21472.7
24482.9 9365.56
17907.4 13948.9
14554.8 19338.4
19800.8 12059.2
31562.6 1819.47
26345.6 5531.4
16669.8 17667.6
20269.8 11613.8
11840.6 20228.7
11257.5 20636.3
7698.26 24718.9
18929.7 12970.9
3212.46 29640.8
21388.9 11309.7
19735.6 12200.9
29443 4019.46
26824.3 5112.39
29682.6 3865.06
10661.5 21312.1
5633.67 27566.1
9987.63 21990.9
26492.1 5497.06
31963.9 1421.62
9249.23 22746.1
18269.1 13932.5
3825.44 28173.3
30623.3 2384.03
31090.1 2120.87
9658.86 22348.9
2534.65 29857
17804.1 14236.4
30324.4 3381.87
12632.2 19437.4
24198.5 9685.17
28348.8 4402.62
18432.6 13685.7
17763.8 16190.6
18394.2 13744.5
7656.24 25900.6
18681.4 13481
25572 8628.78
18786.1 13380.5
21404.7 10878.1
3576.66 29460.2
1823.63 31647
12113.6 20110.6
13149.8 19341.6
19589.3 12899.1
3370.63 29523.3
28049.9 5087.21
11181.2 21161.3
5434.42 27906.8
17041.9 16328
14852.6 17978.9
7281.72 26286.2
714.5 32024.5
23838.9 10851
1959.21 31204
32435.3 519.159
4540.7 27913.6
