580895 17721.5
47501.5 472682
5154.87 553447
46239 480955
480180 90131
291685 241389
342342 217088
431836 128952
216784 317210
550321 35879.4
273954 261103
24953.7 551209
261304 274466
98517.6 467609
537421 40763.8
378943 177393
215919 320748
408346 146791
226717 311156
358846 203757
300908 237537
173431 384819
392851 151925
509883 41502.3
245125 296997
291164 247616
323191 219203
265414 273933
413678 137914
509002 45215.9
267837 271729
156911 389253
134406 416261
271954 267875
26203.6 524551
238241 310552
281966 258017
122812 439165
270498 270144
272913 267751
117235 453872
107879 462347
204744 358166
523332 41441.2
253747 294756
215046 349888
389309 164759
347930 208042
145064 403834
425718 133700
215893 346130
256723 290126
251693 294806
132827 416909
361391 188870
431273 133374
156687 390471
258764 285883
205249 357590
243225 307559
363866 186360
243336 303442
