185346 2344.45
10378.8 157704
995.897 183250
153475 16155.8
86189.4 100088
158376 11622.2
175871 4007.71
126067 43976.4
38599.2 145846
158095 12002.3
89505.8 96866.2
142509 39120.5
126502 43863.2
109733 66974.6
162115 8630.46
153359 20433.2
156137 14663.8
77370.6 103555
156535 14283.7
65864.5 114817
16058.3 154776
59396.7 117981
95413.9 90163.7
124782 46231.7
28501.8 149713
155355 15742.1
44201 132118
95831.6 90047.5
157580 13630.4
101185 79032
164668 6839.18
50753.1 127398
142645 36227.5
96117.5 81622.6
3800.65 167786
164281 7413.29
114953 63077.3
109575 66978.9
105244 69297.4
147738 24099.4
160316 11541.8
123708 53224.4
105459 68851.1
104305 71065.2
168771 6137.03
163348 8623.88
148966 23661
74443.6 108934
4374.77 167654
6195.02 166077
128477 43571.9
54592.5 123906
7929.67 165089
8489.39 163648
89829.6 96073.5
9649.64 162530
1716.67 177169
79886.7 100291
106482 68582.9
46422.7 127787
142003 42448.8
165766 6677.97
179391 4007.7
70557.7 111558
41849.9 132270
116458 56252.6
35525.5 145953
2344.45 170853
161507 11377.7
