2679.09 245706
127535 112921
230780 29902.4
124474 117185
250510 6351.22
122912 118824
212524 45904.6
107260 134539
81366.6 173423
17266.9 224830
86657.5 167109
14059.7 228450
43537.9 210147
121029 121514
187182 68324.6
216413 33408.1
16428.6 226244
223449 31463.5
71867.7 179214
241389 13039.1
221219 31531.3
149113 105562
4411.77 245653
141987 108119
196822 51318.7
177944 71204.9
66326 182582
147457 106196
57309.5 193069
84789.3 169616
31758.5 217107
179013 70888.2
160253 95602.4
30526.1 218583
138921 108604
168848 90817.1
118699 126291
193759 66448
248734 9480.39
173049 75387.1
13532.8 230614
138129 108765
139623 108530
94988.8 150597
104215 142876
166759 93108.2
155073 101397
47318.8 201040
171084 80698.1
99692 148403
205814 49290
103616 143575
26293.9 223312
6745.89 240271
87557.2 165260
94482.5 152401
