579622
575003
575003
567475
567475
555414
552585
552585
545546
543149
543149
537203
534492
534492
531004
530054
530054
521312
519273
517591
517591
511512
508557
505065
505065
500779
500779
500779
498036
497952
494889
483522
483522
483522
483522
483522
483522
483522
483522
483522
482006
482006
478264
476346
473387
473387
473387
473387
473387
471521
471521
468395
468395
468395
468127
468127
466727
466727
465063
465063
465063
465063
459672
459672
459672
453834
453834
453834
453834
453834
453834
453558
453558
453558
451940
451940
451940
451583
450244
449054
449054
441374
436443
436443
436443
436443
436443
435542
435542
435542
433297
430284
430284
430284
430284
430284
430284
427516
427516
427516
