6829.2 739645
242318 461183
771103 32723.6
232554 484281
516287 247149
582104 164223
264461 454557
153616 617973
617987 149749
722595 67095
19562.4 739240
46038.1 709908
691902 87825.1
751692 45537.5
650543 107346
307094 433554
169256 594165
475682 309653
453349 310735
272368 452860
78341.6 657452
477894 280759
168144 604148
199482 527632
347709 395035
60675.4 689382
352354 383107
187127 566408
725343 62685.5
391959 351801
279968 448970
670405 91762.1
406188 340006
447189 317226
107766 638670
446312 321432
701416 73429.2
325317 417259
289287 446666
610263 151474
157899 615157
478501 271036
191472 563861
279492 452384
193373 544900
192223 554387
618047 138915
338948 397364
198048 541170
212753 522166
313719 423126
380740 355297
153331 624124
488936 254756
