20356.8
20356.8
20356.8
20356.8
20009.4
20009.4
20009.4
19976.9
19622
19622
19622
19622
19476.5
19440.3
19142.5
19142.5
19142.5
19116.8
18893.5
18771.4
18626.9
18626.9
18617.8
18500.2
18483.9
18483.9
18483.9
18483.9
18299.1
18268.1
18261.5
18261.5
17932.3
17932.3
17932.3
17932.3
17932.3
17924.8
17778.7
17677.6
17677.6
17677.6
17677.6
17593.5
17593.5
17593.5
17469.5
17469.5
17469.5
17429.7
17365.9
17365.9
17365.9
17365.9
17365.9
17365.9
17365.9
17238.9
17061.7
17061.7
17061.7
17061.7
17061.7
16995.9
16995.9
16995.9
16984.6
16984.6
16964.3
16964.3
16842.5
16842.5
16842.5
16842.5
16842.5
16651.6
16651.6
16651.6
16646.4
16646.4
16596.8
16596.8
16431.6
16287.3
16287.3
16230.3
16230.3
16206.2
16186.7
16186.7
16186.7
16105.2
16035.4
16035.4
16035.4
16035.4
16035.4
16013
16013
15989.6
