3011.66 172138
88328.7 78904.8
180509 3890.43
7133.92 161530
115679 68115.6
139174 41022.1
166275 7463.46
125182 51023.1
93107.9 76344.9
87711.9 85835.6
174039 5666.2
52911.9 121705
159815 9961.85
13059.8 159628
158482 18727.4
107732 71272.1
94905.5 74975.8
86036.8 92384.3
67466.9 108444
75930.8 94007.3
109967 70182.8
37180.4 138424
92247.7 77835.4
160581 9547.5
13952.8 156718
143447 32414.5
6920.38 163214
174112 4949.1
3963.17 171879
55381.3 116538
74164 96066.9
133790 45782.3
121469 58602.5
16370.3 155719
152034 19069.6
109685 71052.1
35079.4 140955
46608.7 124393
69304.9 102425
25366.9 150242
44101.3 131689
75453.6 95575.1
22147.6 153535
151696 20946.4
70077.8 101382
72256.7 100529
147874 24724.4
6178.19 167976
98820.9 72863.4
62005.5 111678
132391 49618.6
31091.2 145587
80280.4 92459.3
68657.1 104807
41520.8 132708
103040 72349.1
46003.1 129050
115883 68028.2
141597 36654
28459.1 147771
