409.389
407.648
407.648
407.648
407.648
399.465
399.465
399.465
399.465
390.213
390.213
390.213
389
388.789
388.789
388.789
380.899
374.534
374.534
374.534
374.534
374.534
371.045
370.207
370.207
367.693
367.693
364.538
363.521
362.012
361.888
361.888
359.417
359.417
358.254
358.254
358.168
357.072
357.072
352.853
352.834
352.834
349.936
349.936
347.767
345.902
345.902
345.902
345.902
345.902
344.239
344.239
344.239
342.113
337.711
337.711
337.711
337.711
337.711
337.711
337.711
337.711
337.711
337.711
333.655
333.655
333.655
333.655
333.655
331.786
331.786
331.786
331.786
330.014
330.014
330.014
326.038
326.038
326.038
324.013
324.013
322.394
322.394
321.21
321.21
321.21
319.96
319.474
319.474
318.425
318.425
314.971
312.924
312.867
312.867
308.406
308.406
305.667
305.667
305.667
