355972 18002.9
126974 216063
9470.08 346768
124009 220804
220483 130435
22883.7 322037
293158 63693.2
272347 72774.7
89638.5 273290
209757 146299
120388 225532
68855.2 301675
269008 84177.9
114476 232367
44847.9 314738
131243 216005
302261 56049.9
314081 39851.7
236697 129311
153799 205912
249719 109153
260690 88835.1
193151 165741
202745 147038
89413.2 285863
18002.9 342303
218874 131610
187723 168828
108196 261361
59959.7 306393
69113 288557
145080 213886
322246 30798.3
171551 183903
164994 200142
245334 109202
90944 261852
321965 33898.9
304729 50598.6
308984 50284.1
167100 189166
289630 71349.3
241561 113689
335128 22883.7
111596 253282
168579 184855
146728 209421
216979 143931
237871 118186
258518 100041
245161 113575
83506.6 286630
353827 18069.6
167678 189070
163283 201583
185711 176114
61855.8 305201
336693 19736.2
312991 46859.9
189994 168266
