412.421
412.421
410.007
410.007
409.043
409.036
403.911
403.911
401.009
394.349
394.349
394.019
380.313
367.74
367.74
367.74
367.74
366.88
365.701
364.694
364.694
364.694
363.654
361.383
360.545
358.978
358.978
357.365
349.296
346.983
346.983
346.983
340.922
340.922
340.922
340.922
340.922
340.922
336.76
336.76
336.76
336.76
336.76
332.055
327.718
327.718
327.718
326.636
321.507
321.507
321.507
321.507
321.228
319.853
319.853
319.853
319.853
319.853
319.853
319.515
319.515
317.341
317.341
317.341
317.341
317.341
317.341
312.439
312.439
312.439
309.622
309.622
309.622
309.622
309.622
309.622
309.622
309.622
309.622
303.146
303.146
303.146
303.146
303.146
303.146
303.146
302.271
302.271
302.271
302.133
302.133
302.133
298.579
298.579
295.343
295.343
295.343
295.343
295.343
295.343
