383007 4514.21
186056 117356
1711.72 322831
188109 116731
137573 210354
29675.2 307438
104835 234701
118938 225545
141089 195394
211964 102948
291912 33653.3
291904 57326.5
178612 139124
323491 24307.6
368712 23314.6
55554.8 262364
154231 177089
48268.2 271194
283727 64936.4
46846.8 272688
252003 90333
203306 116702
92891.6 250807
184544 135610
119951 223868
42118.8 297743
158393 166157
44090.7 277959
172405 153373
309244 30768.5
44079.6 280318
86860.8 250834
167944 156460
19286 321603
86020.8 255956
103368 236245
93324 240855
97792.1 237364
69725.7 260341
141664 189459
154014 177719
371467 19324.9
320509 26835.3
22203.4 313403
157982 172855
232231 95315.4
378013 18053.6
162737 165345
152741 188998
26900 308009
