1.00237e+06
1.00237e+06
1.00237e+06
1.00237e+06
996818
996818
996818
996818
996687
995089
995089
975699
974859
967247
967247
967247
967247
966430
957035
945404
931567
931567
931567
931567
931567
926155
925960
925960
924676
917458
917458
914050
903488
896825
896825
896825
896825
895773
894223
892221
892221
888919
886320
884637
882994
882994
879539
877596
877596
877596
872293
869670
869670
869670
868945
868031
862850
862850
862850
855710
855710
855710
855710
846594
846594
846594
846594
846594
840343
840343
839091
836539
836539
832194
832194
828283
828283
828283
828283
828283
819763
819763
819763
819763
819261
818905
818905
818905
817269
817159
812985
812985
807476
807121
807121
806262
802822
802822
792683
792683
