405.413
405.413
405.413
403.448
393.699
393.699
388.804
388.804
388.804
386.807
386.807
374.496
374.496
373.68
373.68
373.68
373.68
372.594
371.502
371.502
371.502
363.961
363.961
363.961
363.961
363.961
362.053
359.928
357.163
357.163
357.163
352.635
350.162
350.162
350.162
348.765
348.765
347.078
347.078
347.078
347.078
347.059
345.166
345.166
344.141
344.141
344.141
343.748
341.039
338.433
338.433
338.433
337.919
337.919
337.919
337.919
337.919
337.124
332.883
332.883
332.883
332.883
328.305
328.305
328.305
328.305
328.305
326.327
326.327
322.788
322.788
322.788
322.325
322.325
321.531
320.49
320.161
319.448
316.475
316.475
316.475
316.475
316.066
313.084
313.084
313.084
313.084
313.084
309.712
309.489
308.891
306.431
306.431
306.431
306.431
306.431
305.78
303.878
301.558
300.669
