383060 2986.85
6628.74 286350
1019.8 318122
202631 126017
308073 8221.41
209537 90891.7
64285.8 255494
276277 26769.7
273647 36477.1
153802 163905
106559 211276
287170 20280.9
3012.45 311945
228105 89970
350606 3412.45
294100 14274.2
145646 166724
293265 15318.1
136640 188889
266953 60795.1
59183.1 271823
162541 159347
142139 167539
113234 208610
201901 139350
365078 3005.99
126257 199657
298787 12418.7
113270 207937
47890.7 275428
319192 6406.44
85017.8 233311
62666.1 259959
157489 162347
133352 193902
60081 261630
178541 146713
106544 212328
36728.7 284011
59635.5 267695
137743 181078
101683 222950
125869 204612
60812.7 261082
82741.5 249719
82179.2 254236
154951 163489
63355.4 257546
161085 159731
