1.102e+06 113377
676681 464659
19881.9 1.24777e+06
411661 735314
879764 329832
189767 958119
1.01711e+06 226856
701094 448173
660309 527060
511440 676644
153808 996207
976392 256908
194757 955639
519570 636212
270273 900325
1.06256e+06 175613
569990 588635
832054 347779
1.08096e+06 119587
83806 1.07547e+06
655628 539744
303087 858785
239667 927964
891428 329334
593363 569817
621176 558522
255208 910346
777093 403848
296878 869167
251701 914641
219557 948818
405838 790024
487402 680070
371344 815351
439193 728671
739602 431318
341564 832972
342511 826366
265751 904484
479665 709722
957292 309789
26541 1.22147e+06
564354 626426
26972.2 1.17179e+06
969454 302069
81142.3 1.13922e+06
1.01792e+06 191479
115117 1.07427e+06
44969.8 1.16008e+06
136775 1.03954e+06
330566 844758
407205 770400
285378 894887
641692 543548
385025 792103
406905 778146
449935 727810
631063 551790
378501 800032
249766 927886
674669 511440
908908 326312
975623 279298
153277 1.02662e+06
910528 314676
974813 280640
914602 311694
958528 308625
