306702
306702
306702
303824
302140
301158
298839
298778
285297
281781
281773
281773
281773
281773
281684
280905
280905
279519
278302
278302
278302
276147
276147
276147
272907
272221
271110
271110
271110
271110
269686
269686
264755
264755
261462
261462
261462
261462
261462
261462
261275
261042
261042
258823
257415
255478
255478
255478
253831
253831
253831
253831
253831
253381
253381
252482
252482
252482
252482
248857
248857
246291
246291
246291
246291
246291
246291
245231
245231
245231
241226
241226
241226
241226
240515
239811
239811
239811
237850
234578
234578
234578
234578
234397
234397
233396
233396
231591
231591
231591
231591
231591
231519
230871
226906
226906
226906
225040
225040
225040
