2765.23 174885
6762.16 163537
186200 2765.23
26257.9 144737
121004 59383.4
30317.7 141244
124590 58510.7
155370 20055.6
29933.5 142051
116982 62416
33336.6 138838
63073.4 114275
29820.6 142516
179989 2814.01
79550.7 92855.3
73547.1 99607.2
34358.5 138114
94404.1 88224.7
78632.6 93874.1
114834 68918.3
3762.6 170026
35874.6 136765
153156 32101.2
36438.1 136246
139549 34188.7
29043.2 143816
32738.2 140123
132015 42819.1
136561 38578.3
107519 74053.1
168259 10132.2
42026.4 131743
35645.3 137620
19496.3 157093
125085 53655.8
28781.7 144497
65745.9 109282
48796.9 125941
50892.1 122830
109532 70558.7
19468.3 159552
19978.1 154767
91827.4 91360.1
96014.2 81175.5
103246 76652.9
47831.6 126600
175706 4173.2
167198 12909.8
94627.1 87990.5
175700 6297.35
138806 35549.7
68096.1 108309
109268 72211.2
137409 36855
13666.3 162895
65513.7 110842
131505 48914.9
173806 9121.02
3406.85 171727
125805 51069.8
19454.8 159900
100784 80707.7
110236 70111.4
102001 78602.2
171886 9362.35
