486376 1902.54
93670.4 372915
1902.54 484915
368172 98456.3
211794 282192
66450.7 401218
447628 34351.4
373186 94876.5
425986 66474.8
91442.5 377657
143884 339030
415727 80868.3
85809.2 383996
157067 323432
360060 110195
303246 190800
132360 348435
379584 90954.3
28298.8 458437
51957.5 425041
34488.9 453143
352942 118284
275201 213686
441064 43422
315464 169750
381230 90680.8
221145 262580
169891 304270
308547 170631
105404 366699
325298 147421
337467 144439
81147.5 392377
65322.4 416314
223764 249388
284133 196820
255679 225301
135103 343727
118152 363465
393310 85300
484479 9543.85
9088.73 471473
17600.3 464975
275716 206695
259102 220235
356443 118065
183730 291103
261824 214813
347545 130331
254905 228324
129947 349496
466095 12210.8
426356 59966.4
189109 287732
397602 83451.1
343016 133356
104907 372845
44140.7 441492
155358 335970
125527 352903
