1.5429e+06
1.5429e+06
1.52213e+06
1.51612e+06
1.51612e+06
1.51612e+06
1.51612e+06
1.51612e+06
1.51612e+06
1.51612e+06
1.51003e+06
1.50926e+06
1.48622e+06
1.48622e+06
1.48622e+06
1.48622e+06
1.48622e+06
1.47094e+06
1.4488e+06
1.4276e+06
1.4276e+06
1.4276e+06
1.4276e+06
1.42414e+06
1.42414e+06
1.42414e+06
1.41113e+06
1.41113e+06
1.39762e+06
1.39762e+06
1.39762e+06
1.39762e+06
1.39153e+06
1.38809e+06
1.38338e+06
1.38338e+06
1.38338e+06
1.38338e+06
1.38338e+06
1.37246e+06
1.36526e+06
1.36526e+06
1.36238e+06
1.36231e+06
1.36231e+06
1.36189e+06
1.35077e+06
1.33866e+06
1.33866e+06
1.33642e+06
1.33642e+06
1.33642e+06
1.33642e+06
1.33642e+06
1.32181e+06
1.32181e+06
1.32181e+06
1.31124e+06
1.31124e+06
1.31124e+06
1.31124e+06
1.29703e+06
1.29703e+06
1.29703e+06
1.29703e+06
1.29703e+06
1.29703e+06
1.29203e+06
1.29203e+06
1.29203e+06
1.29203e+06
1.29162e+06
1.29063e+06
1.29063e+06
1.28766e+06
1.2871e+06
1.2871e+06
1.27956e+06
1.27778e+06
1.27593e+06
1.27593e+06
1.27593e+06
1.25727e+06
1.25727e+06
1.25727e+06
1.25727e+06
1.25727e+06
1.25727e+06
1.25727e+06
1.25727e+06
1.25727e+06
1.25387e+06
1.25387e+06
1.25387e+06
1.25387e+06
1.25387e+06
1.24398e+06
1.24398e+06
1.24398e+06
1.23421e+06
