6246.79 456937
233150 195795
423897 44933.4
124448 306638
407600 47225
270825 161958
392679 72671.6
50143.8 383725
207586 253111
44933.4 409701
229302 206387
92208.6 358355
70701.7 365574
357400 100660
109951 326330
193869 270142
224209 216276
20885 438573
110700 326005
163840 280718
68290.5 368769
25211.9 423324
138300 305808
219494 217869
341356 108273
369528 86418.6
227468 210100
321086 131183
255541 185198
300904 148163
22758.4 428698
67754.7 370512
199322 261766
369305 86998.3
256606 181888
288460 161360
228941 209659
261683 180971
138915 299698
142202 298427
45740.7 395804
295784 149953
264457 174469
331947 112649
267374 171887
82452.9 365038
156042 289755
264258 175533
147450 295207
249872 189946
90369.3 360160
301687 146834
119773 320289
247595 193708
104956 335707
267370 173208
270020 170225
391672 78007.5
255887 184661
209006 234220
93308.6 357661
291980 161258
251137 189553
368584 91968.3
298857 149161
249362 191577
185151 274158
190735 271384
42360.1 412403
7574.78 449658
