817416 11805.6
331406 434165
9047.32 816117
334890 431892
573712 244610
334491 432608
100512 720383
334884 432402
592166 236383
401430 365938
714742 106843
624621 166340
731135 50637.9
500387 328346
243441 560388
322647 445390
317677 473108
321882 446637
215139 615820
327942 440782
371716 416938
339979 429521
211791 617672
549420 258480
243486 559679
518839 315638
613993 175450
286537 485866
35287.4 771503
669670 163321
158407 620582
234317 561152
348164 425233
44239.6 738272
425135 355627
125312 678548
355435 420752
227868 585559
100603 719733
218534 613140
168028 620070
424352 363571
11805.6 798984
140816 657104
129040 677154
23109.4 789638
367163 419154
144287 632946
769108 23109.4
747674 32852.5
28832.6 771947
149439 627359
614004 175308
768560 27023.9
575836 242978
157946 622279
157288 622834
160817 620103
