78771.9 1565.98
5031.58 69460.8
1565.98 79734.6
6123.24 69253.3
28908.2 51711
57797.3 22718.3
30382.9 49169.9
32561.2 43184.9
14770.6 65161.5
53168.3 29291.5
7928.43 67916.7
16161.2 62460.6
76305.5 4988.96
54073.8 28088.5
62862.6 17442.9
36357.4 39697.1
31865.5 44310.8
64524.9 16419.3
44434.3 35525.2
7646.51 68564.4
40516 35789.1
57244.1 23496.6
48961 30663.8
23805.6 55713.1
7630.13 68728.8
38716.7 39574.3
3397.38 75921
70620.5 10225.5
15081.6 63722.3
15532.9 63531.1
52798 29504.4
43492.6 35627.1
72289.6 5722.97
5015.73 74770.7
39701.6 39157.6
55762.5 23846
67089.6 13284.6
22769.2 56042.7
15737.7 62886.3
21355.2 56787.7
69317.9 11837.1
19575.1 60033.4
55233.7 25512.8
50504.8 30580.1
35336.4 42131.1
50790.9 30466.1
28422.2 52137.6
35242.1 42742.1
54484.5 26861.5
62166.3 18551.4
46430.1 32981.3
25666.3 54323.8
20370.5 58716
26158.4 53044.4
48719.5 32382.3
