1.41421 319.638
163.899 136.77
320.03 1.41421
166.293 135.264
320.03 1.41421
157.401 146.476
1.41421 319.638
142.289 162.41
281.227 57.423
138.476 167.15
255.672 68.8173
105.189 231.764
162.764 143.016
9.88635 315.516
281.227 57.423
152.398 154.429
299.366 27.5076
115.236 219.591
161.142 146.081
86.4873 243.15
147.127 160.165
15.4787 298.544
193.604 134.556
43.6401 279.902
50.0236 275.894
299.633 25.5432
46.6873 277.876
56.9287 259.952
124.143 206.496
119.928 215.058
184.816 135.259
107.435 222.341
241.894 73.9424
132.679 178.903
162.714 145.787
304.489 18.3585
154.293 154.315
305.002 16.8929
211.085 122.403
227.129 81.6183
66.8412 249.397
69.9041 247.164
100.518 236.161
20.868 291.939
138.031 177.741
128.608 191.728
293.746 29.1776
307.616 9.23607
263.932 66.6301
210.438 126.054
216.519 98.0167
89.6197 239.503
72.4173 246.706
152.191 157.416
26.5075 283.163
124.388 194.98
264.032 59.3742
55.3742 272.07
