20410.2
20109.2
20109.2
20109.2
20109.2
20109.2
20054.4
20054.4
19954.2
19954.2
19954.2
19954.2
19954.2
19901.4
19706.6
19696.2
19696.2
19696.2
19640.2
19596
19473.5
19243.1
19243.1
19243.1
19243.1
19235.2
18800.1
18800.1
18609.6
18609.6
18609.6
18609.6
18609.6
18609.6
18609.6
18607.3
18607.3
18513.4
18513.4
18083.1
18083.1
18083.1
18083.1
18025.2
18025.2
18025.2
17919.7
17891.3
17566.5
17566.5
17566.5
17430
17430
17430
17390.6
17304.8
17280.1
17280.1
17280.1
17280.1
17183.8
17183.8
17183.8
17183.8
17138.8
17090.6
17090.6
16978.6
16978.6
16830.5
16709
16709
16709
16709
16709
16709
16709
16493.8
16493.8
16493.8
16493.8
16493.8
16493.8
16173.6
16173.6
16173.6
16173.6
16025.7
15938.7
15938.7
15923
15923
15890.2
15890.2
15663.1
15663.1
15663.1
15663.1
15663.1
15663.1
