309042
309042
309042
309042
308613
308613
304680
303641
303641
302290
301310
301310
300023
298898
298898
297777
297334
295130
295130
294094
291929
291929
291929
290780
287394
286913
283734
283676
282147
282147
282147
278529
278529
278529
278529
278529
278529
276984
276984
276984
276090
276035
276035
276035
271883
271026
271026
270731
270731
270731
270731
270593
269789
269789
267033
267033
267033
267033
264116
261280
261280
261280
261280
260892
260892
256177
256177
256137
255889
253338
253338
253338
253338
252993
252993
252444
252444
252444
252444
252444
252444
252241
251993
249302
249302
249302
249302
249302
248025
248025
248025
248025
248025
247512
247462
246388
244188
244188
244188
243916
