2612.86 83755.9
7002.44 67000.9
2867.21 78946.9
62566.7 11499.5
80572.7 3658.96
62297.5 11818
23348 57672.2
33167.2 41550
50557.4 30765
5086.87 69638.6
11081.7 63821.1
18427.7 58923.7
74846.1 9940.99
9005.36 66265.7
28013.7 50635.8
27347 55332
51810.5 28195.7
26243.4 56525.9
61910.9 13832.1
46726.6 34003.1
79559 4706.88
6287.05 69619.6
61678.5 15872.9
43366.7 36303.2
29912.7 46530.3
68200.6 10128.7
6524.72 69525
16020 62175.5
75830.7 5627.19
56788.1 20360.2
41801.7 36582.2
67623.1 10973.7
23458 57603.2
37090.9 40089.8
4172.98 72266.6
2803.21 80116.9
18144.4 59097
3713.85 74418
60099.9 16427.8
4627.73 71717
53431.3 27766.6
53713.9 23506.6
3358.35 76820.4
27751.9 54957.2
49536 31205.2
49693.4 30866.5
41726.8 39919.8
59475.8 18810.8
68294.1 10040.4
21842.8 58136.7
47797 31259.2
