514345
514099
505821
488838
488838
488838
488838
477147
477147
477147
474562
456183
456183
456183
456183
456183
456183
448018
448018
448018
440890
440890
440890
440890
440890
440890
431892
418494
418494
418494
416004
416004
416004
416004
416004
414106
414106
409502
408849
403654
400653
400653
400653
395540
385161
385161
385161
383485
383485
383485
383485
383485
383485
377002
377002
377002
377002
377002
377002
377002
375261
375261
374631
374631
374631
372075
369383
369383
369383
361853
361853
360937
360937
360937
357233
357233
357233
357233
357233
357233
357233
356999
356999
348080
348080
348080
348080
348080
348080
346440
340808
340808
340808
340808
340808
340808
340808
340808
340808
340808
