751028
744496
742816
734180
734180
733408
730680
730680
720876
720418
709575
709575
709575
706621
689613
689613
670490
670490
668213
757127
757127
660780
648043
645496
636440
636440
636440
632123
632123
631264
624520
624520
619919
617098
603481
603481
603481
603481
603481
603481
603481
599204
599204
596402
596402
595266
594511
594511
585144
585144
585144
583239
582405
582405
576683
576683
575135
571713
571713
571713
571713
571713
569365
569365
562404
562404
562404
559068
559068
556479
556479
556479
556479
556479
556479
556479
556479
556479
553966
553966
553966
553966
551904
551904
548942
548942
547111
547111
547111
542847
542847
537486
537163
535205
535205
535205
535205
535205
535205
535205
