394469 15593
15209 335955
15202.1 369619
239577 114995
225963 175595
61803.4 298426
381944 16829.3
296568 64309.4
346017 32548.9
116921 245155
232728 168117
367997 26753.9
182505 181144
79179.8 297332
148886 228075
59538 305481
338202 48598.3
42942.1 323226
163695 202507
95263.8 286112
296272 97256.8
53261.3 313470
195343 180069
32548.9 335087
195691 178700
285282 101900
283183 106494
343194 39599
15202.3 353054
161081 219940
199680 177232
288610 97940.4
188729 180542
335874 57166.5
181762 187701
338136 54435.1
115917 253662
313164 60047.8
105803 271470
176013 193839
274592 114479
328574 58978.8
178307 191854
113516 259546
162094 216655
139404 238854
335952 57157.1
40409.6 334834
140198 235576
84223.9 290071
286620 100863
