29498.6 3913.82
940.232 31209.1
30597.6 3717.94
7928.95 24223.7
386.207 32471
21525.5 10678.4
14148.1 19845.6
7025.27 25209.6
18039.7 15287.5
22086.7 10192.3
12650.3 21582.6
21756.4 10561.6
22964.5 9371.49
15152.5 18409.2
7647.13 24696.6
5370.89 27789.9
15534.2 17581.1
10609.8 23466.3
27166.8 7879.66
19734.3 13839
11770.2 22680.1
22590.8 9926.69
20119.2 13629
17217.2 16067.9
21492.7 11110.9
3367.61 30397
25460.8 9142.4
14928.1 19512.7
3899.6 29466.2
27691.4 7869.16
16478 16383.3
15591.3 17138.6
29354.6 4426.96
28756.9 4921.42
16189.6 16628.8
27903.2 4943.5
20501.2 12565.4
16748 16157.1
26350.4 8424.77
21187.4 11965.9
14987.4 19060.6
15049.6 18574
21306.9 11571.3
12092.6 21771.7
12046.2 22490.7
12039.5 22656.1
4428.49 28902.9
12091.2 22331.9
7000.57 25984.2
14478.1 19597.1
27805.4 5140.36
20236.1 12802.7
25726.6 8558.69
19752.3 13799.5
4261.12 29020.5
25945.2 8437.74
15371.7 17802.7
