1988.57 182643
27212.9 139019
182961 5682.95
27208.5 139217
104289 84226.8
28489.4 137958
179326 8664.58
27766.3 138909
67613.9 111400
27152.7 139737
88817.3 86358.7
82295.5 93373.2
73159.9 103220
108074 60423.6
180608 6533.14
152070 27410.5
105722 81837
143804 32849.7
41595.2 130085
164457 25101.8
59802.8 113697
25911.2 149948
26852 142323
37794.4 134840
57634.9 128974
67993.7 109780
104296 82279
14923.6 158827
133922 39292.4
24654.6 150750
38158.6 131535
71961.4 103533
19258.6 151239
135071 34649.7
43161 129069
119606 50505
69328.6 104360
147896 27992.7
10553.4 169828
165908 17151.3
9974.22 172946
126389 49786.6
130654 46594.8
124700 50317.3
168440 10277.9
12927.7 167417
119541 52402.6
13558.5 167274
78802.5 97651.8
129128 49690.1
70545 104288
4431.4 173946
3562.69 177814
145124 29192.3
132060 44748.8
140423 34541.9
11822 168552
