223357
223357
221220
221220
221220
221220
219893
219893
218125
212401
212401
212401
212401
212401
212401
212401
212401
212127
210465
210465
208459
207915
200650
200650
200031
198589
198589
198406
197345
196458
196395
192065
190748
190748
188955
188955
188955
188955
187367
186953
183419
183419
183419
183419
183419
182145
182145
181019
181019
178723
178723
178723
178723
177635
177635
174772
174772
174772
174772
174772
173019
173019
173019
171546
171546
169980
169980
169980
169980
169980
169980
169980
169980
167974
167974
167974
167455
167455
167455
164943
164943
164943
164943
164943
164917
164917
164917
164473
162919
162919
162590
162590
161514
161514
161279
161279
161279
161279
161279
159962
