1149.56 55.7584
811.822 115.571
49.93 948.088
857.023 99.4854
254.218 785.071
856.098 107.707
765.89 312.457
603.743 368.163
794.65 204.04
321.052 732.611
93.529 887.683
356.378 709.631
94.7498 886.847
717.867 348.355
311.161 779.747
217.186 802.697
64.3513 918.56
429.205 609.264
975.324 87.2412
769.69 291.902
165.557 846.215
591.384 466.436
565.278 483.214
576.945 478.193
82.8597 916.328
517.83 492.633
349.569 719.466
503.977 534.313
513.439 524.983
779.8 288.421
382.482 668.182
783.664 254.588
493.293 536.057
317.689 770.563
485.238 557.014
951.264 93.529
968.565 91.9779
1001.72 59.8308
692.149 365.029
985.59 77.7046
434.324 582.264
450.733 579.07
323.826 719.685
458.482 574.91
252.951 787.924
