7905.69 1.24903e+06
34868.2 1.1743e+06
1.24229e+06 22076.2
1.02531e+06 258507
34627.3 1.17948e+06
498919 753880
1.11943e+06 94877.9
1.1698e+06 76385.6
851644 414877
1.23187e+06 34105.2
675918 615491
205694 1.08961e+06
1.18684e+06 65296.2
33626.8 1.18397e+06
1.16325e+06 80558.6
852227 405881
627165 668191
298994 973571
733991 552025
939119 312341
1.08529e+06 175080
281461 998027
1.11806e+06 101803
748015 493873
411045 861015
685563 603624
480137 820308
80120.5 1.14232e+06
846249 421344
894644 327946
791487 445274
389009 884761
397415 878629
168224 1.11017e+06
25847.3 1.2218e+06
22076.2 1.24619e+06
251604 999892
380564 890855
1.06476e+06 232416
560762 738085
578226 713913
1.11294e+06 128419
884078 391726
888509 337884
67272.7 1.15932e+06
733987 552111
248597 1.02933e+06
642534 637048
589263 699063
224736 1.03958e+06
97189.4 1.135e+06
427959 844658
701676 570625
779346 466418
984238 274823
956558 278385
