1.51085e+06
1.51085e+06
1.49433e+06
1.49433e+06
1.47847e+06
1.47847e+06
1.47847e+06
1.4508e+06
1.4508e+06
1.4508e+06
1.4508e+06
1.44371e+06
1.43542e+06
1.43007e+06
1.42776e+06
1.42776e+06
1.40704e+06
1.40704e+06
1.40704e+06
1.40222e+06
1.40222e+06
1.399e+06
1.399e+06
1.399e+06
1.399e+06
1.3897e+06
1.3897e+06
1.38422e+06
1.38124e+06
1.38124e+06
1.38124e+06
1.36558e+06
1.36558e+06
1.36558e+06
1.36558e+06
1.36558e+06
1.34357e+06
1.34357e+06
1.34357e+06
1.34357e+06
1.34357e+06
1.34357e+06
1.34357e+06
1.34357e+06
1.34357e+06
1.34357e+06
1.3357e+06
1.3357e+06
1.3357e+06
1.33121e+06
1.33121e+06
1.32828e+06
1.32813e+06
1.32086e+06
1.32086e+06
1.32086e+06
1.32086e+06
1.32086e+06
1.31708e+06
1.31382e+06
1.31382e+06
1.31382e+06
1.3122e+06
1.3122e+06
1.3076e+06
1.3076e+06
1.30512e+06
1.30512e+06
1.29857e+06
1.29857e+06
1.29225e+06
1.29225e+06
1.29225e+06
1.29173e+06
1.28413e+06
1.28413e+06
1.28413e+06
1.27414e+06
1.27126e+06
1.26737e+06
1.26289e+06
1.26159e+06
1.26159e+06
1.26159e+06
1.2563e+06
1.2563e+06
1.25596e+06
1.25596e+06
1.24916e+06
1.24554e+06
1.24121e+06
1.24121e+06
1.23954e+06
1.23674e+06
1.23674e+06
1.2342e+06
1.2342e+06
1.23156e+06
1.23156e+06
1.2281e+06
