307710
307710
307710
305781
305781
303988
299310
297762
297762
297762
297762
296308
294262
293922
293922
292333
289420
288013
288013
287556
287432
287432
286121
282287
280115
279116
279009
279009
277738
277627
275840
274814
274375
274375
273393
272842
272842
271833
271833
271833
270921
269711
268946
268946
268946
267309
267309
266614
266614
266453
262872
262872
259710
259710
259710
259710
259710
259710
259427
259309
254653
254653
254653
253909
253909
251052
251052
251052
249334
249334
246250
246250
246250
246250
246221
246221
246221
245330
243492
243492
243188
243188
241592
241592
241592
241592
235467
235467
235467
235467
235467
235467
235467
235467
235467
235467
234964
234964
233196
233196
