79155.8 700
20923.7 44168.7
0 101427
63354.8 5272.67
5028.24 70337.6
49131 33356.4
80509.7 18030.4
14304.3 55769
22425.8 43533.5
49297.7 17209.2
53913.3 15983.3
98490.8 69338.2
67523.2 30429.1
20260.8 49427.5
20459.6 45163.2
15420.6 54089.9
76885.8 121835
59308.4 134074
167274 118133
60613.7 301367
80593.9 148118
289859 177559
145647 273394
46039.4 452624
209727 242984
71580 126663
123409 389419
39341.5 33362.9
265449 135361
480116 175806
235488 199952
13549.9 445721
4532.62 98650.7
72399.5 20776.7
248430 164421
395192 216716
12405.8 464075
273420 322061
140050 389262
380153 157472
262503 162085
206048 218144
276429 266267
252415 222445
51200.8 387475
38929.3 229901
77023.9 391862
337358 286541
77135 4878.65
494529 135681
196485 337594
234363 444823
55331 327033
71001.1 522077
136307 459634
97633.2 484446
256843 389872
26178.5 44844.6
329666 302339
260808 343054
251778 434339
209606 329654
249942 154215
257113 324120
35667.5 544839
133727 466840
31653 546883
26121.4 400774
231340 206282
19664.5 460122
11207 317782
43984.6 292824
75263.6 264041
94294.2 245929
181906 159151
159976 183902
293486 52483.4
77952.9 272757
276827 137323
132557 268848
236816 184734
44904.6 377275
112654 283274
235718 157678
264117 165925
395868 35831.1
254267 177455
100359 331757
180216 251964
112560 319657
124619 307670
251046 181316
124273 308120
57151.9 375540
91735.5 342255
129039 305991
105052 144352
72979.1 362813
369087 66759.2
265703 170433
