310546
310546
310546
310546
306287
306287
301653
301653
301653
301653
301653
295301
295301
295301
295301
295301
293389
293389
291348
285556
285556
285556
283829
281075
281075
279175
278185
278185
277853
277126
276528
275702
275545
275545
274334
272969
271230
270093
270093
269221
269221
268535
268535
267029
267029
267029
263747
263263
258825
258825
258825
258825
257973
257973
257973
257973
257973
257973
257973
257973
256731
256731
256731
256062
255142
255142
249261
249261
249261
249261
248256
248256
246817
246817
246817
246817
246817
246817
246817
246817
246817
245359
245359
245359
245359
245359
245359
245359
245120
245120
245071
243966
243966
243966
243966
242050
239772
239772
239772
239772
