3058.89 166805
77118.5 81216.8
172903 3106.68
51130.4 110451
118293 52469.9
51848.9 110168
151211 20473.3
12825.4 149380
108583 61314.8
8943.71 153642
31974.1 130911
165017 12405.7
22708.5 140495
138509 33652.3
24489.5 138725
167171 9925.44
24489.5 138725
38223.6 125026
161939 15128.7
44649.9 118674
105261 65507.4
4694.25 164690
39516.8 124000
129057 42850.9
8777.76 162139
25208.5 138688
60860.5 106910
73924.1 90045.8
144765 26826.1
30271.5 136468
76645.3 87563.4
66989.7 101823
62204.3 102498
107152 61538
22496.8 141964
92443.1 74247.1
21024 145060
87717.4 80105.7
34791.6 129710
48192.3 116378
129986 40325.4
36434.8 128372
161896 16593.5
28428 137911
36850 127970
18074.9 147111
89981.2 78434.4
85420.4 80144.4
103083 67803.8
22321.9 142714
123860 47092.9
70866.5 96388.6
132174 36977.5
168032 4736.58
123300 51257.5
42120.7 123665
145128 23014.5
50134.7 115662
149376 21034.2
111371 56639.7
95388 72593.4
135018 35434.4
31716.9 135542
