751340
741884
727299
727299
727299
727299
727299
727299
722333
722333
704403
704403
704403
704403
704008
700274
691329
691329
682937
682937
676080
676080
672980
663173
662940
659453
655848
646156
646156
644002
644002
644002
644002
641624
640198
640198
635740
632978
631168
626163
626163
626163
617028
617028
617028
617028
617028
609092
606980
606980
606980
603599
603599
603231
600280
598358
593980
593980
593980
582874
579753
579753
579753
573054
573054
573054
573054
568841
568841
568841
568841
568841
568841
568841
565486
565486
565268
559837
559837
559081
555067
555067
555067
555067
553835
553835
550731
550731
550731
544431
544431
544431
544081
544081
544081
533590
533590
533590
533590
533590
