314324
309652
309478
308731
308731
308731
307589
302904
302904
302904
300932
300932
298665
298430
292526
292039
292039
292039
288774
288774
288562
287454
285087
285087
282931
281451
281451
281451
276559
274398
274398
274398
274398
273530
272948
270350
270350
270350
270350
270086
270068
269266
267540
267540
265539
265539
261275
261275
261275
261275
261275
258066
258066
253618
253618
252568
252568
250474
250474
250474
250474
250474
250474
250474
250474
250474
250010
250010
250010
250010
250010
250010
250010
249837
249837
249837
249242
246159
246159
246159
246159
246159
246159
246159
245219
245219
245219
245219
244410
244410
243054
243054
243054
241800
241800
241800
241736
241659
240457
240457
