305794
305794
305794
299451
299451
299451
299451
299451
294381
294381
290493
290493
290493
287846
287267
286609
286609
280925
280877
275528
273017
273017
272614
272614
271725
266200
266200
266200
266200
266200
266200
266200
266200
266200
264517
264517
264468
264468
264468
263878
263878
262835
261702
259298
259298
259298
259298
259298
259298
259298
259298
259298
259053
257551
257515
257515
257032
255350
255350
254565
254565
254565
254565
253722
251965
251965
251965
251965
251965
250684
250684
249604
249604
245689
245463
245463
245463
244578
244578
243637
243637
243637
242461
242461
241227
241227
241227
239864
239864
239864
237664
237664
237664
237664
237664
237664
237664
236856
236856
236856
