588800
588389
588389
577345
577345
577345
573849
573708
572740
566040
566040
566040
561444
561203
561203
553424
550221
550221
550221
542695
529236
529236
529236
529236
529236
529236
529236
529236
525490
525490
520474
520474
520474
520474
520474
517613
517613
517613
516527
515216
515216
509610
509610
509610
509304
509304
502172
502172
502172
502172
501581
501581
501269
501269
500137
500137
499465
496659
494269
494269
489699
489699
486972
484165
484165
484165
484165
484165
480775
480775
480775
480775
480775
480775
480775
480775
480775
480775
480775
474487
474487
474487
474487
474487
474487
474487
474391
474391
474391
474391
474391
472073
472073
472073
471911
469099
469099
466628
466586
466586
