454.279 174109
47197.9 120464
174432 454.279
14630.6 153251
105538 73928.3
27964.7 139991
113435 72050.9
154663 25933.7
20819.8 147288
159686 22704.8
29166.6 139153
165321 9711.8
143645 33647
25619.6 145876
21823 147037
73714.1 100848
22490.9 146430
14430.5 159263
62814.8 114120
135571 40014.5
19760.1 152153
41730.8 133524
144001 33124.3
120171 62141.3
9074.4 160551
136521 33947.6
144711 26356.9
95343.6 84931.7
46232.9 124347
2097.31 169895
74655.1 99355
66585.7 110270
36470.8 138312
70099.7 105362
3630.46 166816
50823.1 120120
102181 74593.1
46518.2 123627
94602.6 85662.8
8682.78 166346
97194.5 75403.9
96672.8 78551.1
20585.3 149659
97700.7 74605.1
125459 51540.2
54355.3 117565
70164.5 101902
87176.6 87401.9
3580.12 166990
91772.4 87205.4
171295 4466.78
86002.2 88065.1
71449.9 101005
144334 26861.4
165985 5574.49
161109 19188
74092.2 100594
83621.2 97017.9
83710.1 95734.3
