1.57532e+06
1.57532e+06
1.536e+06
1.536e+06
1.52679e+06
1.52679e+06
1.48107e+06
1.48107e+06
1.48107e+06
1.47649e+06
1.47579e+06
1.47215e+06
1.45262e+06
1.45262e+06
1.45191e+06
1.43441e+06
1.43441e+06
1.43441e+06
1.4135e+06
1.4135e+06
1.40783e+06
1.40783e+06
1.40783e+06
1.37902e+06
1.37902e+06
1.37902e+06
1.37892e+06
1.37391e+06
1.37391e+06
1.3653e+06
1.35005e+06
1.35005e+06
1.34954e+06
1.34954e+06
1.34954e+06
1.34954e+06
1.34176e+06
1.32954e+06
1.32954e+06
1.32954e+06
1.32954e+06
1.32954e+06
1.32954e+06
1.32023e+06
1.32023e+06
1.32023e+06
1.31626e+06
1.31626e+06
1.31626e+06
1.31626e+06
1.31626e+06
1.31626e+06
1.30927e+06
1.30543e+06
1.29854e+06
1.29854e+06
1.29854e+06
1.29008e+06
1.29008e+06
1.28758e+06
1.2822e+06
1.2822e+06
1.2822e+06
1.2756e+06
1.2756e+06
1.27536e+06
1.27536e+06
1.27536e+06
1.2705e+06
1.2705e+06
1.2705e+06
1.2705e+06
1.2705e+06
1.2705e+06
1.2705e+06
1.2705e+06
1.26875e+06
1.2554e+06
1.25064e+06
1.25064e+06
1.25064e+06
1.25064e+06
1.25064e+06
1.2492e+06
1.24061e+06
1.24034e+06
1.23797e+06
1.23797e+06
1.23797e+06
1.23672e+06
1.23576e+06
1.23176e+06
1.23176e+06
1.23176e+06
1.2302e+06
1.2302e+06
1.22328e+06
1.21056e+06
1.21056e+06
1.21056e+06
