3870.29 182720
122718 57260.1
181002 15406.3
104746 75234.5
166270 21186.2
9116.94 171365
39186.1 149295
126570 54229.4
180010 15646.5
126280 54572.5
163024 28267.8
126961 53909.5
145198 42262.7
126185 54690.5
121519 69539.6
67456.7 118934
126941 54123.2
21798.2 167543
156018 31999.4
26729.7 161315
34926.3 158895
125828 56045.5
154455 35641.2
38382.4 157695
18380.2 167569
135874 47368.8
125449 56742.6
50214.4 144081
8203.08 180882
129030 53425.4
93216.6 96561.3
96259.6 86207.9
55103.6 137523
132083 50433.2
78962.6 108749
27924.5 160128
65284.1 129780
138455 44966.9
62169.2 132175
131592 51115.1
122034 64157.9
66074.8 120736
84338.3 104056
131542 51232.1
47453 147781
48357.8 145337
89596.4 99937.8
8450.82 175615
102904 80229
75050.7 113373
153140 37640
94423.2 90678.7
104713 79368
161823 30518.5
56549 134141
66976.9 119057
137066 46741
140186 44540.3
130641 52722
68276.8 116770
130930 52510.6
151241 40326.8
60612 133446
130360 53181.9
