231147
231147
231147
231147
231147
229989
224918
223386
219612
219612
219612
218871
217224
215743
215342
215342
215030
212852
212852
210657
210657
209584
208915
208915
206476
206476
205657
202540
201530
201530
199524
199524
198557
197848
197848
197848
197848
196956
196704
194988
194988
193472
193472
193472
193472
191961
191655
191655
191655
187738
187738
187738
187486
186995
186995
186995
186995
185483
183031
183031
183031
183031
183031
183031
183031
182141
181972
181816
181816
181816
181816
180018
177922
177922
177922
177507
177507
176789
176789
176789
176789
173526
173526
173526
173526
173526
173526
170977
167960
167960
167960
167960
167689
167689
167689
167529
166945
166448
166426
166232
