1.56066e+06
1.56066e+06
1.56066e+06
1.56066e+06
1.56066e+06
1.56066e+06
1.56066e+06
1.54444e+06
1.54227e+06
1.5237e+06
1.5237e+06
1.5237e+06
1.5237e+06
1.51408e+06
1.51408e+06
1.50987e+06
1.48779e+06
1.48779e+06
1.48779e+06
1.48779e+06
1.48779e+06
1.4787e+06
1.46502e+06
1.46502e+06
1.46502e+06
1.45241e+06
1.44413e+06
1.43793e+06
1.43793e+06
1.43793e+06
1.40929e+06
1.40929e+06
1.40929e+06
1.40751e+06
1.40751e+06
1.39483e+06
1.39483e+06
1.39483e+06
1.39483e+06
1.39481e+06
1.37995e+06
1.37934e+06
1.37766e+06
1.37766e+06
1.37112e+06
1.37112e+06
1.37112e+06
1.36048e+06
1.36048e+06
1.36048e+06
1.36048e+06
1.34587e+06
1.34587e+06
1.34587e+06
1.34256e+06
1.34256e+06
1.34256e+06
1.34256e+06
1.34256e+06
1.34166e+06
1.34166e+06
1.3195e+06
1.3195e+06
1.3195e+06
1.3195e+06
1.3195e+06
1.3195e+06
1.31836e+06
1.31836e+06
1.31836e+06
1.31836e+06
1.31836e+06
1.31122e+06
1.31122e+06
1.31122e+06
1.29294e+06
1.29294e+06
1.29294e+06
1.29294e+06
1.28694e+06
1.28694e+06
1.28694e+06
1.28694e+06
1.28694e+06
1.28035e+06
1.28035e+06
1.27854e+06
1.27854e+06
1.27454e+06
1.26049e+06
1.26049e+06
1.26049e+06
1.26049e+06
1.26049e+06
1.26049e+06
1.25967e+06
1.25967e+06
1.25373e+06
1.25373e+06
1.24013e+06
