456970 29065.6
141295 292208
453605 31913.3
142434 291157
474223 8851.93
133504 300402
8780.06 456577
138227 297592
384964 88580.2
392345 45099.9
435945 36513.7
208153 254802
385112 52940.5
374252 92498.1
47496.5 391181
194734 257006
386495 52251
289625 176596
56171.8 382814
21008.8 423812
242741 212235
296770 156666
249842 205894
290391 175267
157405 282281
79568.5 367321
469389 16666.4
46478.7 393550
332795 118605
448727 36301.8
159905 280726
254157 194128
34263 409716
72258.8 369587
340093 111773
89898.6 361505
52528.3 388669
208319 233473
105345 357064
152813 288633
314593 148582
367084 94747.8
461852 22075.1
109634 336968
356015 96687.2
36458.4 408825
173065 268760
29318.6 414031
131984 310484
165883 276025
43862.9 399346
178858 264525
164729 277285
170807 273137
228916 221838
13590.1 428668
331724 138828
264809 180377
130263 312058
170540 273518
116371 326882
267619 177474
119511 324290
42667.6 401246
119164 324355
71668.9 375552
