1.29725e+06 11926.7
848399 395082
10935.4 1.36088e+06
28838.4 1.21465e+06
1.05136e+06 328005
862742 382519
634212 746006
850828 395055
316714 1.05134e+06
660414 605352
614482 746415
856138 391788
588769 759436
50631 1.19776e+06
69078 1.18547e+06
872945 375945
261507 1.09017e+06
1.29126e+06 25181.5
841682 409764
518046 822229
325667 943221
834843 417762
920296 343827
765803 584509
1.10114e+06 273497
178651 1.09752e+06
833684 541628
780340 579990
1.17759e+06 97789
749934 594987
1.21385e+06 65826
350603 924472
909483 346843
412166 866377
739678 603724
637607 651610
1.13189e+06 223766
735042 604556
1.23448e+06 38003.3
1.18658e+06 71663.7
907556 362011
1.14551e+06 115409
1.19902e+06 71455.8
657469 607297
1.18532e+06 87624.8
25181.5 1.24217e+06
1.1655e+06 99518.7
1.09451e+06 275726
897143 365031
635408 661349
11926.7 1.29431e+06
1.12793e+06 233923
1.15978e+06 100725
18383.3 1.2651e+06
1.23357e+06 45631.2
1.26139e+06 30553
337424 931024
1.23639e+06 36673.9
322783 958924
