1.27687e+06 27003.4
894297 324185
10962.6 1.23246e+06
872843 345955
1.23916e+06 61154
859751 361928
1.05445e+06 232999
355781 866002
567825 697903
902300 320748
571627 688865
894000 330332
1.11943e+06 211445
733033 525818
480963 852718
362418 864076
776397 507536
846277 380506
504227 756188
259296 995983
893177 334655
69363.7 1.16595e+06
611279 640455
913513 314527
365546 862821
653176 593967
511324 755485
167821 1.11537e+06
368633 860091
855178 374358
491351 762698
791446 504043
370064 859474
371206 859036
249460 1.00036e+06
349697 916784
308748 922408
351267 892175
581373 650083
202297 1.04577e+06
76069 1.15682e+06
1.08949e+06 212518
686869 552133
580822 658709
721142 528040
177999 1.05469e+06
388147 855121
1.07243e+06 214297
1.24221e+06 47681.2
766497 514554
238354 1.01112e+06
657455 589501
63632.3 1.20505e+06
1.24219e+06 51098.9
1.27243e+06 30838.4
767148 512321
746448 525155
