1.59334e+06
1.59334e+06
1.54967e+06
1.54967e+06
1.54967e+06
1.54967e+06
1.54967e+06
1.53225e+06
1.53225e+06
1.53225e+06
1.52912e+06
1.51839e+06
1.50563e+06
1.50563e+06
1.49664e+06
1.49664e+06
1.44942e+06
1.44942e+06
1.44942e+06
1.44942e+06
1.44942e+06
1.44486e+06
1.44482e+06
1.44482e+06
1.42982e+06
1.42868e+06
1.40564e+06
1.37949e+06
1.37949e+06
1.37949e+06
1.37949e+06
1.37949e+06
1.37949e+06
1.37949e+06
1.37826e+06
1.37826e+06
1.37826e+06
1.37744e+06
1.3713e+06
1.3713e+06
1.36737e+06
1.36025e+06
1.36025e+06
1.36025e+06
1.34917e+06
1.34917e+06
1.33858e+06
1.33858e+06
1.33858e+06
1.33858e+06
1.33858e+06
1.33858e+06
1.33605e+06
1.33295e+06
1.32924e+06
1.32924e+06
1.32673e+06
1.32244e+06
1.31412e+06
1.31412e+06
1.30384e+06
1.30384e+06
1.3029e+06
1.30121e+06
1.28977e+06
1.28977e+06
1.28977e+06
1.28977e+06
1.28977e+06
1.28447e+06
1.2741e+06
1.2741e+06
1.25857e+06
1.25857e+06
1.25509e+06
1.25509e+06
1.25509e+06
1.25509e+06
1.25494e+06
1.25494e+06
1.25494e+06
1.2467e+06
1.24276e+06
1.24174e+06
1.23653e+06
1.23653e+06
1.23653e+06
1.23653e+06
1.23216e+06
1.23216e+06
1.23216e+06
1.22634e+06
1.22305e+06
1.22305e+06
1.22305e+06
1.22305e+06
1.22305e+06
1.22305e+06
1.2188e+06
1.21848e+06
