1.26477e+06
1.20741e+06
1.13025e+06
988482
975663
881618
881618
881618
805479
805479
797524
632465
632465
632465
632465
632465
629480
629480
614045
608138
597922
583515
544744
485131
471742
471742
471742
471742
471742
471742
471742
471742
471742
471742
471742
471742
471742
471742
471742
471742
471742
471742
471742
471742
471742
405109
405109
405109
405109
397520
397520
397520
397520
397520
397520
397520
397520
397520
397520
397520
397520
397520
397520
397520
376311
376311
376311
376311
376311
376311
376311
376311
360574
360574
360574
360574
360574
360574
360574
360574
360574
360574
360574
342872
342872
342872
342872
325872
299098
299098
299098
299098
259517
259517
259517
259517
259517
259517
256318
256318
