447.481
439.759
439.759
439.759
439.759
439.759
439.759
439.759
439.759
439.759
437.378
437.378
437.378
437.378
437.378
437.378
437.378
437.378
437.378
437.378
434.461
434.461
434.461
434.461
430.89
430.89
430.89
430.89
430.89
430.89
430.89
430.89
430.89
430.89
430.89
430.89
430.89
430.89
430.89
430.89
430.89
429.118
429.118
429.118
429.118
429.118
429.118
429.118
429.118
429.118
429.118
429.118
429.118
429.118
429.118
429.118
429.118
429.118
429.118
429.118
429.118
429.118
429.118
429.118
429.118
429.118
429.118
429.118
429.118
429.118
428.871
428.871
428.871
428.871
428.871
428.871
428.871
428.871
428.871
428.871
428.871
428.871
428.871
428.871
428.871
428.871
428.871
428.871
428.871
428.871
428.871
428.871
428.871
428.871
428.871
428.871
428.871
428.871
428.871
428.871
