487446
487446
471049
471049
471049
462465
462465
460723
460723
452249
450817
447126
447126
447126
447126
442749
442749
442578
440435
433498
433498
433498
433498
418927
418927
418927
418927
413811
413811
403212
403212
401589
401589
388143
388143
388143
388143
388143
388143
386443
386443
386443
386443
382385
382385
382385
382147
382147
378903
378903
375159
373564
368273
365026
365026
365026
364410
362625
362625
359305
359305
359305
355358
350970
346840
342304
342304
342304
342304
336230
336230
336230
335705
335705
335705
335705
334723
334723
326047
326047
324433
320399
305687
305687
305687
305687
305687
296543
296543
296543
296543
296543
296543
296543
296543
296543
296543
296543
296543
296543
