878902 27668.4
133473 659210
7772.42 875649
592674 264296
690341 160569
446433 385188
436329 404873
411200 439074
245078 603371
791190 111087
107420 728785
274303 575901
300572 549273
287245 555488
152767 655279
379034 452497
360428 478084
430583 407267
471249 349417
854864 36962.2
349117 489192
132287 679156
124716 709110
382475 448630
344230 498720
36653.5 795947
82428.8 777593
200420 625962
608391 215752
769139 141415
172719 645828
232917 606798
65288.4 785793
110088 714430
491120 336864
17261.6 856235
163133 653882
761535 143987
607899 218985
589721 321475
286895 558442
856244 36894.9
168371 647377
49390.3 788754
874232 32596.1
570719 332047
303046 546993
602239 252731
131726 684605
376459 468643
165253 653383
131555 690325
596970 254661
442989 391269
