732934
732934
732934
709527
709527
709527
709527
709527
709527
707621
707621
707621
696582
696115
696115
692241
684183
676596
673323
669890
669890
660457
654463
654463
654463
654463
646971
646971
642050
642050
642050
642050
636492
636492
636492
630493
630493
630493
630493
630493
628076
628076
628076
622971
622971
622971
616298
616298
616298
608541
608541
608541
598166
598166
598166
598166
598166
595794
595794
588668
588668
588668
588668
588668
588668
588668
583313
580759
577025
565205
565205
565205
565205
562622
562622
562622
562622
562622
562622
562622
562622
562622
562622
561807
561376
554842
554842
554842
554842
554842
554842
554842
554842
545914
545914
545914
545914
545914
545914
545914
