28.0713 1025.09
84.4596 849.758
1069.31 29.9942
568.175 373.955
839.38 169.596
555.394 389.648
273.174 780.137
326.418 641.496
466.552 569.192
883.243 101.045
518.081 497.612
720.926 266.656
868.004 147.889
148.571 839.209
72.644 942.364
39.1598 950.462
662.878 370.341
806.782 183.306
945.993 45.4543
163.565 836.377
77.4768 914.298
711.356 309.554
37.1083 956.659
685.365 347.27
874.597 120.393
287.716 731.736
844.767 153.795
228.321 817.159
212.768 833.427
782.563 217.842
737.055 264.542
279.937 777.259
387.332 615.536
220.273 825.316
554.872 452.597
712.725 300.778
791.25 215.475
943.305 92.6387
29.2028 978.541
405.268 610.199
803.871 206.72
671.727 354.49
232.892 783.047
28.6423 1000.38
461.402 572.534
542.399 496.717
213.08 830.068
472.348 546.593
458.506 583.254
419.471 598.984
