355109 11449.3
102172 188022
7890.66 351904
180088 111027
332933 29615.8
97524.1 195493
336414 16616.7
304645 33887.8
34368.2 285674
59807.5 235313
294661 39485.7
220418 98760.9
110057 186350
129972 174034
289251 52509.2
97225.7 199588
236060 85066.3
172780 144676
97198.4 202189
56884.3 274150
227271 97925.1
93870.2 230111
53017.8 278662
91137.7 231016
14406.8 286212
150702 172731
9266.55 321119
166967 151881
238672 63173.3
96943.5 204942
95127.1 208863
128102 176528
306138 31750.6
96721.1 205632
201165 110195
59765.2 244701
196121 110197
219523 105469
235147 86127.1
204793 106271
153997 167162
222849 98394.2
201296 107539
158712 165483
194006 110319
161849 153038
92796.7 230319
164789 152498
