1428.82
1424.41
1358.26
1358.26
1358.26
1358.26
1291.04
1291.04
1291.04
1272.79
1243
1243
1243
1243
1243
1243
1243
1243
1243
1243
1243
1243
1208.64
1208.64
1204.9
1188.69
1153.37
1153.37
1153.37
1153.37
1153.37
1153.37
1153.37
1153.37
1153.37
1118.09
1118.09
1118.09
1118.09
1118.09
1118.09
1118.09
1118.09
1099.48
1099.48
1099.48
1099.48
1089.98
1089.98
1089.98
1089.98
1089.98
1089.98
1089.98
1089.98
1089.98
1089.98
1068.76
1068.76
1068.76
1060.91
1060.91
1052.27
1052.27
1052.27
1052.27
1052.27
1052.27
1031.99
1031.99
1031.99
1031.99
1031.99
1031.99
1031.99
1031.99
1031.99
1030.79
1030.79
1030.79
1024.41
1024.41
1024.41
1011.94
1011.94
1004.28
1004.28
1004.28
1004.28
1004.28
1004.28
1004.28
999.626
985.416
980.863
980.863
980.863
974.152
974.152
974.152
