1.47653e+06
1.47653e+06
1.47541e+06
1.45973e+06
1.45713e+06
1.45713e+06
1.45626e+06
1.45169e+06
1.45169e+06
1.44507e+06
1.44211e+06
1.44211e+06
1.4341e+06
1.42796e+06
1.42262e+06
1.41985e+06
1.41626e+06
1.4083e+06
1.4083e+06
1.4083e+06
1.40237e+06
1.40237e+06
1.38826e+06
1.38826e+06
1.38826e+06
1.38826e+06
1.3834e+06
1.3834e+06
1.37968e+06
1.35928e+06
1.3544e+06
1.3544e+06
1.35196e+06
1.35196e+06
1.35196e+06
1.33869e+06
1.33869e+06
1.33869e+06
1.33374e+06
1.31469e+06
1.31077e+06
1.31077e+06
1.31077e+06
1.31077e+06
1.30508e+06
1.30426e+06
1.30426e+06
1.30426e+06
1.30222e+06
1.30222e+06
1.29374e+06
1.29374e+06
1.29374e+06
1.29284e+06
1.28544e+06
1.28544e+06
1.27809e+06
1.27809e+06
1.27809e+06
1.27265e+06
1.27265e+06
1.25689e+06
1.25689e+06
1.25689e+06
1.24838e+06
1.24088e+06
1.24088e+06
1.23984e+06
1.23984e+06
1.23984e+06
1.23984e+06
1.23984e+06
1.23984e+06
1.23984e+06
1.2354e+06
1.22362e+06
1.22362e+06
1.22362e+06
1.2195e+06
1.2195e+06
1.2195e+06
1.2195e+06
1.2195e+06
1.2195e+06
1.21811e+06
1.21811e+06
1.21209e+06
1.21209e+06
1.21118e+06
1.21044e+06
1.2101e+06
1.2101e+06
1.2101e+06
1.2101e+06
1.20053e+06
1.20053e+06
1.20053e+06
1.1997e+06
1.19411e+06
1.18931e+06
