1.04058e+06
1.04058e+06
1.03834e+06
1.02189e+06
1.02189e+06
1.02189e+06
998858
998858
998858
964061
964061
953711
953711
953711
953711
952786
937507
937507
928762
928762
928762
915846
908280
908280
908280
902065
902065
902065
902065
902065
901319
901319
901319
886029
886029
886029
874632
874632
856921
856921
856921
856921
855213
855213
855213
850586
848112
848112
848112
848112
847930
847930
825039
825039
825039
825039
825039
825039
825039
825039
823608
823608
813424
813424
806353
806353
806353
806353
806353
806353
806353
806353
795700
795700
795700
795700
795700
795700
789678
789678
789678
789678
789678
789678
786030
781269
781269
775814
775814
775814
775814
775814
775814
775814
775814
775814
775814
761813
761813
761813
