1440.6
1440.6
1440.6
1440.6
1369.85
1321.92
1321.92
1321.92
1312.04
1312.04
1306.76
1306.76
1306.76
1259.61
1259.61
1259.61
1259.61
1231.72
1231.72
1197.13
1197.13
1197.13
1197.13
1197.13
1197.13
1185.13
1179.13
1145.45
1145.45
1145.45
1140.93
1140.93
1094.36
1094.36
1094.36
1094.36
1094.36
1094.36
1094.36
1094.36
1094.36
1094.36
1056.12
1056.12
1052.81
1052.81
1052.81
1052.81
1052.81
1045.31
1045.31
1045.31
1045.31
1045.31
1045.31
1045.31
1045.31
1045.31
1045.31
1045.31
1045.31
1045.31
1008.96
1008.96
1008.96
1008.96
1008.96
1008.96
1008.96
1008.96
1008.96
1008.96
1008.96
1008.96
1008.96
1008.96
1008.96
1008.96
1008.96
1008.96
1008.96
1008.96
1001.82
999.942
999.942
996.324
996.324
996.324
996.324
942.13
942.13
942.13
942.13
942.13
942.13
942.13
942.13
942.13
942.13
934.218
