3950 361845
74863.2 269112
395566 8510.42
26594.2 319676
234415 140335
39067 310644
293522 67709.1
85627.7 261390
236414 139461
127051 251765
72771.2 306958
305615 58066.4
181625 167842
199665 154734
138118 229874
37093.6 312754
218366 142429
25841.3 324896
364007 24036.1
164597 194400
348112 36802.9
36340.8 315667
23362.7 353881
15395.8 354159
349013 24080.4
373615 24036
193776 162939
230939 141390
326064 56864.5
330473 44596.1
275473 98348.6
245421 118834
168743 188141
24106.2 338683
154108 208761
238027 134222
151412 213006
166905 192879
143733 217462
175889 180691
25234.2 331695
107106 253761
276615 97857
72873.8 299964
131455 231938
