447149 9163.25
156506 271010
232 454455
155473 272184
449836 6859.36
170505 257640
88350.9 369981
248285 181999
391572 59451.9
159959 270359
222205 238123
233729 196911
347010 105924
430489 28236.1
131654 299854
440825 15272.7
247175 185241
76221.2 370501
136110 296866
18142.2 426613
228299 220440
148252 284948
339513 122592
169453 263795
306694 146191
251499 181799
45732.6 404900
133826 299682
292492 155825
405157 42593.2
152740 281207
404754 50779.5
31145.5 414318
14754.2 435785
139406 295785
210943 245164
113019 331759
138687 296855
129285 312113
108610 340445
62532.5 386427
1429.65 445311
141666 294318
101152 343480
367405 71273.3
359460 84912.3
152692 283573
267426 172657
273765 164555
49253.7 400121
255578 181392
152116 284432
341940 109502
168253 268324
262494 178881
143575 293347
107764 341029
203444 251193
88875.4 348705
310017 140584
313076 139239
266263 176017
263497 177373
315864 137268
416716 29727.6
356779 94082.5
