16154.5 896.566
4610.8 11052.3
104.043 16038.8
13850.1 1880.95
6475.01 10840.1
4556.2 11276.8
11520.4 5529.08
4609.78 11233.2
13260.1 3328.74
4508.66 11351.3
8399.08 8607.97
9348.53 7796.79
4521.81 11344.3
3957.26 12974.2
6939.09 10158.3
4470.17 11420.1
15657.1 1403.72
10094.1 6772.86
11767.5 4883.49
6284.54 10955.1
9863.09 7235.72
4924.65 11002.1
1779.93 15040.5
4886.32 11046.3
2207.17 14520.3
7152.48 9622.51
9384.75 7488.19
2699.11 14057
4466.1 11497.3
11904.6 4612.27
4259.11 11820.1
4389.44 11554.7
6807.7 10362.2
13022.3 3501.81
4374.58 11581.2
10474.5 5771.84
7637.46 9079.9
2089.61 14540.2
7594.79 9236.11
12303.9 4007.06
15925.6 1203.36
12474 3593.36
2802.39 13164.6
1280.33 15416.7
7486.67 9502.06
8491.04 8386.08
7688.64 8984.54
469.505 15833.9
15448.9 1662.36
2780.18 13290.2
12174.4 4220.42
8815.99 8048.87
9948.42 7059.65
13829.5 3236.7
4274.94 11768.2
10129.5 6648.28
3051.94 12993.9
12484.8 3589.77
10582.6 5635.63
11438.5 5628.37
