201416 2609.23
57003.3 59965.1
381193 0
0 812535
0 288043
10610.7 218010
112423 27508.3
164843 14471.4
20183.7 97714.2
74452.9 43557.5
15153.6 125813
71421.7 54873.6
47438.1 90268.5
139811 26452
160545 21192.8
138369 27227.4
15050.7 164740
50892.5 79572.3
54326.5 67318.6
56368.8 67149.9
235185 49663.5
60771.4 188454
139379 157788
295636 92392.6
92600.1 194844
57184.4 298530
245386 44723.3
197562 202823
191078 308527
21165.8 435029
89558.6 394752
66170.5 185948
134873 169570
272761 284095
361244 264655
232943 343994
29484.3 354382
359555 176450
47097.1 398589
20726 356716
234370 135641
243562 224147
136175 391930
209979 186051
219202 235017
112654 193824
84724.3 509207
43255.7 421986
52406.9 438193
145526 264837
168518 248545
70861.4 289030
110800 446432
196481 434226
195901 305057
137009 444396
383121 234199
219249 377626
56664.8 319550
76875.9 554202
210750 405269
66036.2 563395
217958 404119
75440.1 561352
14802.5 360382
16196.3 358014
176762 177406
97041.8 278350
165479 210409
151411 224574
108731 267679
226557 149975
144406 234523
160022 219024
150498 229082
14723 365082
129590 255487
74323.8 320254
176978 217614
49753.4 345166
146312 248683
64488.9 331231
18351.6 377541
153731 242451
255042 141238
91133.8 306011
88366.1 310129
99367.3 299413
145471 253710
146005 253568
204620 195358
25127.6 368733
123710 279337
243538 161211
332484 73147.6
69350.7 336429
21176.1 188238
43043.6 370970
168437 245822
163049 86587.9
