421.614
415.984
414.503
406.264
406.264
400.145
400.145
400.145
400.145
400.145
400.145
393.677
393.677
393.677
393.677
388.99
388.99
384.932
382.551
381.535
376.537
376.537
366.317
366.317
366.317
366.317
366.317
366.317
364.007
364.007
363.165
363.165
348.42
348.42
348.42
346.612
346.612
346.612
346.612
346.612
345.574
345.574
345.574
345.574
345.574
345.082
345.082
343.644
343.644
343.644
343.307
343.307
341.456
338.405
338.405
337.859
337.859
336.193
336.193
336.193
335.682
334.445
334.445
327.149
327.149
327.149
323.056
323.056
323.056
323.056
323.056
323.056
323.056
323.056
323.056
323.056
323.056
323.056
323.056
323.056
323.056
321.649
321.649
321.649
319.947
319.308
319.308
319.308
319.308
319.308
319.006
318.481
314.94
314.94
314.196
313.737
313.737
313.737
313.737
311.097
