1.29168e+06 20398.5
280373 953834
20398.5 1.29297e+06
272793 971191
18834.8 1.30163e+06
95431.6 1.14871e+06
175037 1.13147e+06
693064 629783
471105 838839
255359 995226
514515 775063
211603 1.03932e+06
1.0937e+06 197517
1.02974e+06 296923
946726 305338
743354 554237
574641 741735
205861 1.04801e+06
1.21275e+06 105258
1.07184e+06 235690
940629 313292
624826 677560
500572 813256
66511 1.2342e+06
268509 986784
559802 753248
208947 1.04646e+06
517485 775018
765615 490119
193799 1.07834e+06
669328 644628
939071 342467
272488 984318
1.20017e+06 121968
836572 439076
876051 386141
250987 1.02845e+06
1.27406e+06 43578.9
1.18601e+06 135720
1.2224e+06 77857.5
1.04344e+06 258064
746026 548897
527447 763865
940498 319702
1.11968e+06 154474
578618 738910
363389 913489
252662 1.01654e+06
960398 300905
1.11422e+06 190796
94544.6 1.17148e+06
637070 672149
88493.5 1.17477e+06
44392 1.26324e+06
338542 933045
1.24452e+06 45384.1
1.23603e+06 60469.4
82803.5 1.20495e+06
1.08694e+06 216975
