1.48144e+06
1.48144e+06
1.48014e+06
1.46501e+06
1.46501e+06
1.45769e+06
1.45769e+06
1.45369e+06
1.44004e+06
1.44004e+06
1.43467e+06
1.43371e+06
1.43026e+06
1.42051e+06
1.41694e+06
1.41638e+06
1.40958e+06
1.40132e+06
1.40132e+06
1.39427e+06
1.3702e+06
1.3702e+06
1.3702e+06
1.3702e+06
1.3702e+06
1.36556e+06
1.36556e+06
1.36556e+06
1.35517e+06
1.35143e+06
1.35143e+06
1.34224e+06
1.3368e+06
1.3368e+06
1.32395e+06
1.32227e+06
1.31934e+06
1.31934e+06
1.31934e+06
1.31188e+06
1.31188e+06
1.30045e+06
1.30045e+06
1.28463e+06
1.28463e+06
1.28463e+06
1.28463e+06
1.28463e+06
1.27226e+06
1.27226e+06
1.27226e+06
1.26806e+06
1.25489e+06
1.25489e+06
1.25489e+06
1.25147e+06
1.24566e+06
1.24467e+06
1.24467e+06
1.24467e+06
1.22971e+06
1.22971e+06
1.22691e+06
1.22691e+06
1.21433e+06
1.21433e+06
1.21433e+06
1.21433e+06
1.20907e+06
1.20845e+06
1.19431e+06
1.19431e+06
1.18606e+06
1.18606e+06
1.18606e+06
1.18592e+06
1.18592e+06
1.18592e+06
1.17718e+06
1.17718e+06
1.16254e+06
1.16254e+06
1.16254e+06
1.15907e+06
1.15907e+06
1.15907e+06
1.15907e+06
1.15687e+06
1.15687e+06
1.15687e+06
1.15599e+06
1.15599e+06
1.15599e+06
1.15599e+06
1.15599e+06
1.15542e+06
1.15052e+06
1.15031e+06
1.14551e+06
1.14551e+06
