294.954 148.079
211.73 219.16
382.037 83.1915
211.73 219.16
382.037 83.1915
211.73 220.647
41.7411 413.714
136.945 295.538
47.5625 389.894
136.945 295.538
334.252 110.873
136.945 295.538
115.001 323.051
136.945 295.538
282.389 158.241
136.945 295.538
172.322 276.71
136.945 295.538
249.867 192.912
136.945 295.538
53.7143 380.764
136.945 295.538
99.7393 341.43
136.945 295.538
193.654 241.945
136.945 295.538
328.375 116.766
136.945 295.538
235.175 201.456
136.945 295.538
347.411 102.242
136.945 295.538
136.945 295.538
222.585 214.82
136.945 295.538
327.248 118.74
275.412 161.966
136.945 295.538
47.4186 399.455
136.945 295.538
151.505 286.14
136.945 295.538
253.314 186.659
136.945 295.538
136.945 295.538
83.1062 357.858
151.505 286.14
136.945 295.538
121.515 312.846
136.945 295.538
66.5756 370.832
136.945 295.538
180.437 259.014
136.945 295.538
130.43 309.071
136.945 295.538
187.139 252.851
136.945 295.538
180.437 259.014
136.945 295.538
294.954 148.079
136.945 295.538
231.119 202.816
136.945 295.538
187.139 252.851
136.945 295.538
209.816 227.875
136.945 295.538
231.119 202.816
136.945 295.538
131.426 303.178
136.945 295.538
208.559 231.596
136.945 295.538
231.119 202.816
136.945 295.538
367.933 92.6422
136.945 295.538
136.945 295.538
136.945 295.538
136.945 295.538
136.945 295.538
168.153 284.376
136.945 295.538
136.945 295.538
262.732 186.176
136.945 295.538
136.945 295.538
136.945 295.538
136.945 295.538
136.945 295.538
136.945 295.538
305.859 133.15
136.945 295.538
136.945 295.538
136.945 295.538
136.945 295.538
136.945 295.538
136.945 295.538
136.945 295.538
