307043
307043
307043
307043
307043
305477
301000
296190
296190
296190
294961
293882
286294
286294
286294
283840
283840
283840
283840
283840
281157
279144
279144
279144
279144
279144
276627
276627
276627
276091
276091
273053
273051
273051
272924
272924
272924
270068
270068
270068
268746
268711
266671
266671
266671
265683
265683
265297
265297
265139
263497
263497
262900
261869
261869
261869
260982
259227
259227
259227
259227
257409
257409
257409
255149
255149
255149
252881
252881
252881
252881
252881
252881
252881
252881
252059
252059
250138
250138
248045
248045
247960
247960
245601
245601
245587
244643
244643
244643
243794
243794
243794
243794
243246
243246
242786
237822
237822
237822
237822
