89.6939 17650.1
1800.76 14735.4
170.718 16935.1
17753.2 358.384
12682 5337.21
1919.84 14673.5
6575.77 11321.4
1472.07 15152.8
4512.5 12691.5
1759.1 14868.8
10774.1 6986.59
17399.7 682.992
13395.5 4111.1
8193.38 9422.45
16427.5 1007.52
2348.34 14559.6
1579.69 15121.6
4715.48 12497.8
1364.73 15344.5
8623.81 8542.17
9491.47 8141.22
8355.56 8635.64
5846.89 11405.7
15953.1 1617.86
1181.72 16291.8
14300.1 2852.71
14861.6 2242
5226.65 12071.4
1742.86 14998.1
15244.4 2107.11
3450.18 13570.2
11055.2 6430.54
16945.8 966.966
6773.16 10081.3
8554.62 8587.34
3955.73 13029
11658.6 5528.05
1720.68 15054.4
11225.1 6142.87
7747.08 9583.47
12724.1 4355.96
13462.9 3878.54
772.101 16461.3
3843.94 13514.5
1685.33 15111.4
15355 1961.59
13926.2 2997.84
5271.34 11766.3
9608.02 7899.69
10533.2 7002.04
4824.31 12492.4
14556.7 2370.65
15774.7 1699.29
12828.5 4222.09
10976.3 6524.41
10057.5 7384.23
8657.87 8395.46
