29395.8 3186.77
25764.9 6539.52
306.052 33138.1
10543.4 21782.6
8925.09 25759.3
26349.9 5998.01
13888.6 19608.5
26131 6247.57
25102.3 8887.58
26244 6184.12
5493.75 29273.5
26499.9 5950.68
6422.05 27192.1
28953.3 4988.83
26666 5824.95
2434.76 31364.7
15726.5 17438.7
22935.6 9817.16
12962.3 20653.1
1300.12 31477.7
20438.6 13287.7
3116.31 30212.1
27717.7 5508.77
2570.13 30657.1
28456.6 5124.34
13544.5 20039.6
7147.45 26257.4
10057.3 22590.8
20236.4 13341.3
22519.4 10135.5
8972.6 24246.9
15516.8 17986.1
11580.7 21496.3
25630.3 7748.96
2468.17 31064.4
27563 5757.99
25553.6 8404.74
25438.4 8542.57
17762.2 15984.9
17137.1 16840
17323.2 16126
21835.6 11024.8
2703.08 30628.3
20136.5 13743.3
25071.1 9012.55
13266.4 20359.2
18445.1 14671.4
17181.2 16742.4
29030.8 4068.87
15930.8 17268.6
21316.8 12427.6
24777.6 9133.87
10383.4 22586.6
