1.19438e+06 126054
405599 804962
5326.58 1.30307e+06
416238 795515
915671 378461
395978 816809
625529 688117
938276 331224
393518 827378
733796 510688
1.02865e+06 290402
517307 757041
113554 1.16529e+06
835840 389742
51694.6 1.27887e+06
1.02976e+06 286804
812115 462803
653770 599015
590827 688280
708805 520611
1.09097e+06 225296
1.18937e+06 127075
755032 500807
564421 721500
953085 315689
348178 896008
649030 611185
689612 583704
79988.4 1.20771e+06
698195 567785
488301 759304
381380 849815
834415 413683
863110 381071
481160 759490
708326 530752
728192 515882
934793 332016
137956 1.09502e+06
196533 1.09433e+06
229923 1.02736e+06
291033 961963
324800 920261
251595 990124
1.05548e+06 229932
319046 941388
56623.2 1.21941e+06
222672 1.04899e+06
197391 1.08993e+06
821641 415525
373406 862108
930681 378441
317154 947930
370531 874427
347069 900958
