501084
501084
501084
501084
497815
489985
488116
488116
477519
463919
463919
463919
463919
461278
450669
450669
435393
424468
424468
424468
415831
411720
411720
411720
409545
409545
409545
409545
409545
401198
401198
401198
396644
396644
396644
396644
396112
394626
391637
391637
391637
391637
391637
391637
389618
388499
388499
383415
381577
381577
381577
381577
381577
372376
372376
372376
372376
370284
370284
365082
365082
361993
361993
361993
361993
361993
361993
361993
361993
361993
360763
360763
360763
350918
350918
350918
350918
350918
350918
350918
350918
350918
350918
350918
350918
350918
350918
350918
350918
350918
350918
350918
350918
349371
349371
345121
343037
343037
343037
343037
