503276
503276
486913
486913
460343
460343
457691
457691
457691
442630
440366
440366
440366
440366
432147
428565
412088
412088
412088
412088
412088
412088
412088
412088
412088
412088
412088
412088
403403
403403
403403
403403
403403
403403
403403
403403
403403
392663
390941
390941
390941
390941
388539
388539
388539
388539
388539
388539
387278
378555
378555
378555
378555
378555
378555
378555
378207
378207
378207
370870
370033
370033
370033
370033
370033
369908
369908
369908
367105
365811
365811
365811
365811
365811
365811
365811
365811
365811
361263
361263
361263
361263
354318
354318
350049
350049
350049
350049
350049
342269
342269
342269
342269
342269
342269
342269
342269
342269
342269
342269
