248356 2607.28
41703.6 202212
1878.81 244658
36071.6 208117
252199 1889.89
175070 76045.4
63010.4 181779
19078.1 238312
189875 65809.4
151899 93296.8
120342 140443
104174 152030
204536 46539
195699 49923.9
160997 89309.1
89299.6 156552
193417 60911.8
134724 121399
141424 111691
81570.5 175696
62035.8 184963
139897 117425
62525.6 184611
83723.7 173574
154517 92655.9
35136.9 212325
109487 144910
230077 24699.1
58528.4 188983
239000 14138.6
41494.4 206193
53287.5 201314
100178 154972
39774.2 208117
56385.4 194376
214144 37046.6
41354.7 206665
193648 58113.4
175949 72075.3
41298.3 206787
190862 61344.2
118524 141385
96956.3 155988
142830 110279
116960 143281
41276.4 207121
220400 30636.7
128167 127190
66824.6 181687
155906 92621.4
61655.7 188758
180484 68099
202383 47438.3
61762.7 186898
33304.1 226613
212322 37108.6
126707 130103
58518.8 191063
178021 70993.3
127158 129033
143968 109310
184619 65992.3
232916 20084.9
24443.8 227429
22151.4 232912
