940248
934395
934395
922429
922429
920150
919081
899859
899859
899859
895306
891613
891613
887894
870650
870650
870650
870650
870650
870650
870650
870650
869991
869964
850307
850307
835210
835210
835210
835210
834729
834729
834729
832747
832747
820481
820481
820481
820481
814982
813454
813454
813454
809464
809464
802275
802275
802275
802275
798975
797988
797988
789731
789731
789731
784207
784207
784207
776019
776019
774534
774534
773926
773926
773926
768950
768950
758576
758576
758576
758576
758576
758576
758576
758576
757288
745706
743486
743486
743486
743486
739147
739147
739147
738724
733245
733245
727486
727486
727486
727486
719394
719394
719346
719346
719346
719346
716835
716835
703501
