7.28011 993.925
418.404 572.385
1062.8 7.28011
190.697 864.253
431.135 562.019
879.172 115.799
449.054 545.08
772.784 261.343
504.832 533.743
105.728 890.471
350.455 688.474
636.845 362.184
731.888 326.998
257.104 798.465
111.552 890.307
307.937 731.242
49.1125 953.137
609.685 404.105
409.071 595.16
825.764 217.797
227.761 815.729
412.002 594.732
279.265 746.538
621.882 386.299
140.131 889.3
854.507 210.681
584.188 454.14
857.95 209.593
543.397 482.157
973.23 49.1125
635.995 379.07
366.023 670.749
38.6875 977.849
516.27 513.732
693.049 361.83
526.287 499.352
548.184 470.962
738.968 297.391
29.8636 990.056
157.555 886.042
324.434 700.561
796.024 258.729
97.701 935.894
99.8706 926.707
195.007 854.833
704.297 341.195
269.57 773.083
273.918 758.915
994.596 48.2036
589.956 450.837
388.143 638.407
307.658 735.774
299.731 740.655
