236493
236493
236453
235720
235720
233208
228896
228896
228896
224406
223478
217371
217371
217371
217371
216629
214866
214866
214646
212583
212583
212583
211334
210799
210799
210799
206566
205416
205416
205416
199728
199728
199728
199728
199728
199728
199728
198203
198203
198203
197877
197877
197352
197352
197352
194837
194837
194837
193741
193741
192911
192029
192029
192029
190050
190050
189559
189559
189559
189559
189023
189023
189023
188686
188686
188686
188686
188233
188046
188046
188046
188046
187387
187387
187387
186795
186795
186795
186795
183560
183560
183560
183560
183560
183560
182761
182761
182761
182761
182729
182707
182569
182569
180852
180852
180852
180800
179978
179978
179978
