9678.79 604891
51808.5 512123
603467 10688.1
51046.6 517449
594334 10688.1
141660 445896
562705 18381.1
45629.3 523468
322120 263878
50497 519339
494764 93662.4
47010 522877
409426 182030
291462 296348
487461 114063
368483 243025
230918 353946
17386.1 570681
84489.3 504701
237613 334606
288766 297358
100510 489290
380393 192697
447482 140406
317082 290121
124705 456394
194886 379158
88319.7 496495
29096.6 556768
347513 252191
554989 23656.7
173312 424524
491234 105370
173642 420913
441460 163400
456593 137305
129091 455528
34389.4 540169
477318 114480
179487 403364
260215 320877
166311 439787
117138 485811
375579 241851
529962 46881.5
442256 151596
529516 49818.5
16238.9 577626
42375.4 534777
524155 54128.5
512486 73866.9
232500 345149
536650 43872.7
326455 261818
520321 62196.5
135308 448573
