1568.3 250872
172848 60347.8
210043 34626.9
210814 34401.6
137103 96885.6
63241 179342
135373 99100.8
140775 95048.3
140775 94065.7
128411 122512
61754.2 182863
133851 109647
92453 154538
25546.2 218254
176348 59630
49967.5 189467
172802 63227.7
151522 91522.8
10324.7 231279
177339 59166.2
41368.4 210353
80497.3 167096
46729 191704
155041 89397.9
7145.36 232646
83525 159796
151454 93816.3
210015 35373.8
87665 154707
104909 136667
179091 58641.5
82550.7 162653
168273 82858.4
192389 51421.6
182100 57656
205068 39319.6
74997.6 170330
184809 53786.6
208936 38012.4
180313 57816
144771 94023.6
168078 86395.9
188824 51897.8
196508 48159.2
169052 79728.3
129064 119685
129998 112147
129525 114308
41406 198139
71647.8 176065
28453.9 216995
169168 77930.4
182734 57623.6
40530.1 212929
84502.1 159529
197907 46588.8
186806 52718.2
188083 52206.6
78464 167936
76142.4 169725
