1.01673e+06
1.00607e+06
1.00607e+06
1.00607e+06
1.00466e+06
1.00466e+06
995595
995595
976398
971447
963114
963114
959119
956890
956824
956824
956824
956824
949635
947697
943128
937023
936230
934271
934271
931127
931127
929445
916077
900273
900273
900273
889306
889306
889306
889306
889306
889306
889306
888146
888146
888146
882843
882205
882205
879660
879660
877678
864724
864396
864396
864396
864396
864396
855863
853951
853951
851770
851770
851770
845208
845208
845208
834748
834748
834748
832686
832686
832686
819839
819839
810116
809374
809374
809374
809374
802569
799479
799479
799479
799479
799479
799479
793848
793848
791245
786672
786672
786440
786440
785446
785446
785208
781225
770326
770326
770326
770326
770187
765926
