231291
229815
228195
222097
222097
222097
222097
222097
216062
216062
215760
215760
212477
212477
212477
211392
210280
209547
206105
204805
204805
204805
204059
202328
202328
201778
201778
199865
198278
198278
198278
198278
197272
195864
195864
195113
194259
194259
189642
189642
188306
188306
188306
188306
183314
183314
183314
183314
183314
182695
181973
181973
181973
181464
180273
180273
180273
180273
180273
180273
177429
177429
177429
177429
177429
177429
177429
174705
174438
174002
174002
174002
174002
174002
174002
174002
173529
171987
171987
171987
171987
171987
171987
171777
171688
168838
168838
168838
168838
168838
168838
168838
168097
168097
168097
168097
168097
167662
167662
167662
