975236
959344
950133
946660
926929
926929
926929
919014
919014
919014
919014
900562
887659
887659
887659
869369
869369
869369
868925
868925
868925
868874
859340
859340
843971
843971
843971
843971
843971
842766
841679
833499
833499
833499
827124
813448
813448
813448
813448
813448
813448
813448
812882
806383
803787
803787
803787
774404
774404
774404
774404
774404
774404
774404
774404
774404
772257
772257
772257
772257
772257
766566
766566
766566
764504
763404
756573
756573
745310
729889
729889
720163
720163
720163
720163
720163
720163
720163
720163
720163
713950
713096
708198
706660
706660
706660
698276
694696
694696
694696
692870
692870
691878
691878
682985
682985
682985
682985
679326
679326
