106948
106835
102466
102422
102395
101838
101838
101838
99602.6
99169.3
98064.7
98045.9
97745.9
92970
92970
92970
92970
89562.4
89562.4
89562.4
89562.4
89562.4
89339.7
86910.7
86910.7
86910.7
86910.7
84554.5
84554.5
82510.5
82510.5
82510.5
82510.5
82510.5
82510.5
82510.5
82510.5
81021.7
80967.8
80967.8
80675.6
79733
79733
79733
79205
79205
78952.3
78014
78014
78014
78014
78014
78014
78014
78014
78014
77525.1
77525.1
77098.2
76902.4
75971.6
75665.1
75396.7
75173.7
75173.7
74796.2
74685.5
73431.7
73399.8
73191.8
72535.6
72535.6
71479.2
71479.2
71479.2
71479.2
71479.2
71266.2
71253.4
71112.1
70928.6
70928.6
70343.2
70343.2
70343.2
68975
68975
68975
68975
68975
68784.6
68784.6
68784.6
68006.6
68006.6
68006.6
68006.6
68006.6
68006.6
67872.1
