1020.18 62.2627
393.884 519.679
28.1603 991.195
438.678 478.86
967.635 132.835
437.165 481.087
1016.39 132.088
411.788 507.911
122.509 827.931
111.96 883.941
363.05 561.403
853.268 216.953
101.426 903.961
351.029 579.807
785.351 276.875
868.361 159.336
375.749 555.963
626.925 333.961
593.696 376.587
219.92 714.244
256.158 708.756
189.411 807.46
632.98 326.341
322.034 643.22
646.757 304.025
509.336 439.145
265.288 685.02
774.457 290.618
575.614 420.536
314.246 655.984
472.004 470.088
478.5 466.15
769.205 292.848
328.842 616.074
115.989 860.314
808.556 218.803
211.138 805.777
795.835 272.281
37.579 910.473
928.804 134.895
29.2338 928.569
346.367 610.149
499.956 451.092
186.468 813.395
789.951 273.21
612.238 357.788
629.926 328.459
780.587 284.233
