267899 1580.77
153357 74350
1580.77 241859
95889.2 133567
240563 12951.5
147079 83669
204916 48838.9
148440 82429.3
8908.88 232618
98589.3 132526
223124 18361.8
173548 57721.2
180606 63427.5
185990 94291.2
135058 104669
153443 78636
264814 56635.9
130898 127976
78733.1 246850
71117 166428
115410 117083
152097 93786.8
154811 90121.8
215761 23935.5
54147.9 194988
114051 182420
79985.3 153102
150592 96607.9
143752 89564
86367.5 152585
39475.4 199928
59876.2 173768
92013.4 216244
55360.8 178351
42647.4 193386
43002.2 190733
219959 101934
137386 96369.5
131720 133617
170878 62953.5
68565.1 231994
144533 89436.9
98422.4 135594
69171.4 170344
146724 87309
101654 132575
148725 139990
112279 122210
210714 26075.6
50977.9 183519
48477.5 189929
50919.9 183662
249573 93311
245435 97711.9
44366.6 277822
145168 89456.1
44384.9 276025
62888.3 171791
122112 191279
161075 73606.9
67728.1 215881
156700 78021.3
178131 57633.2
119956 192549
162150 72802.9
37690.1 201447
153441 81682.9
98901.3 136315
35662.5 205767
8908.88 226462
145498 179560
99814.6 219585
107743 127661
42647.4 193041
51055.2 215792
175927 59591.9
93322.1 227990
103300 132353
105295 130602
50277.7 185946
