237787
237787
231625
231354
231354
229108
229108
228362
224442
224442
224442
224442
223631
223631
223422
220189
214277
214277
211667
210394
210394
207755
207755
207755
207755
207755
204140
204140
204140
204140
204140
204140
204140
199966
199966
196775
196775
196775
196775
196775
192407
192407
192407
192407
192407
188960
185519
185519
185519
183558
182494
182494
182398
182398
182398
181829
181829
181037
180992
176570
176570
176570
176295
176295
176295
174933
174075
174075
174075
168811
168811
168811
168113
168113
164156
164156
164156
164156
164156
164156
164156
164156
164156
164156
163684
163684
163684
162218
160973
160809
160809
160809
160809
160809
160441
160441
158761
158761
158068
158068
