32358 606.542
8453.87 21896.8
31596.6 1031.72
8469.56 21888.3
606.542 31710.6
8344.5 22030.3
19338.8 13530.6
9707.02 20681.4
25773.7 6156.55
8707.18 21742.3
12588.9 18921.5
10437.2 20664.4
3247.52 29133.8
2713.02 29365.3
26100.6 5893.86
1536.12 30737.8
28806.6 4877.44
7282.43 25071
29844.3 1472.66
9146.36 21507.9
10000.8 20673.4
8275.26 22436.1
6530.98 25598
24028.7 8112.64
6002.45 26347.8
27056.8 5736.21
15403.3 16860.9
6445.67 25979.2
21245.4 11232.8
21495 10055.6
29611.1 1541.98
23336.7 8942.7
17186 14685
9125.19 21719
25298.2 6548.28
16737.7 15981.3
5406.99 26941
4543.95 27764.6
14286.3 17209.1
16920.1 15605.5
30215.2 1248.17
9606.7 21321.4
28833.2 2869.26
7796.75 23807.5
7905.11 23190.5
19753.4 11916.6
1311.65 30835.8
21270.4 10463.2
13734.5 18432.4
16198.2 16374.4
7661.84 24727.1
4099.31 27834
15928 16376.3
7899.77 23461.4
17613.3 14150.6
20011.3 11464.8
22318.2 9063.99
