31327.9 2382.22
18097.5 11946
430.695 33165.5
15997.3 14307.4
2215.03 29860
18423.5 11892.7
26324.2 4937.15
430.699 33108.1
6842.49 24416.7
8697.88 23310.6
14342.8 17133.5
25304.1 5884.74
28553.4 4572.9
22425.7 8261.7
584.744 30964.9
13421.3 17601.7
21579.7 9572.58
22079.4 8691.69
13083.9 18511.1
5414.53 25380.9
15847.4 14953
8156.09 23812
20409.2 10419.6
19938.9 10878
28862 4397.87
29982.5 3121.58
17417.2 13433.1
2505.66 28375.1
3800.53 27843.5
15351 15541.9
10498.5 20937
23803.7 7113.4
5322.66 26107.1
24177 6745.61
3523.63 28050.9
20692.4 10241
2350.86 29422.7
17266.2 13669.9
12267.1 19248
30586.8 2557.37
6691.11 25200.5
19272.1 11806.8
11254.7 20291.4
9913.02 21865.7
23587.7 7371.43
5063.59 27043.5
8044.25 23840.2
17089.4 14044.3
16947.4 14052.6
24572.1 6443.91
8284.24 23391.9
8661.98 23326.7
17883.1 13378.2
9325.71 22048.6
11165.5 20399.8
2160.66 30222.7
11306.9 19788.3
10462 21520.8
10591.8 20507.7
9424.97 21931.8
14991.1 16302.9
4304.35 27207.3
