744.014
508.049
438.174
436.298
436.298
436.298
432.576
432.576
432.576
432.576
432.576
432.576
432.576
432.576
432.576
432.576
432.576
432.576
432.576
432.576
431.161
431.161
431.161
431.161
431.161
431.161
431.161
431.161
431.161
431.161
431.161
431.161
431.161
431.161
431.161
431.161
431.161
431.161
431.161
431.161
431.161
431.161
431.161
431.161
431.161
431.161
431.161
431.161
431.161
431.161
431.161
431.161
431.161
431.161
431.161
431.161
431.161
431.161
431.161
431.161
431.161
431.161
431.161
431.161
431.161
431.161
431.161
431.161
431.161
431.161
431.161
431.161
431.161
431.161
431.161
431.161
431.161
431.161
431.161
431.161
431.161
431.161
431.161
431.161
431.161
431.161
431.161
431.161
431.161
431.161
431.161
431.161
431.161
431.161
431.161
431.161
431.161
431.161
431.161
431.161
