758758 32657.2
69859.1 648177
13116 752628
425834 294937
132651 618002
688802 87517.4
304397 417596
731527 50817.8
281344 472569
213064 525525
432281 291076
709936 79700.6
297472 426554
533470 219461
265966 506263
567144 174321
46164 694414
441358 285038
26504.8 739364
511787 265590
415983 323753
285772 461703
603603 151286
211317 525863
292008 438664
491016 280045
370745 415313
414068 366659
33303.6 729454
290489 440765
714976 60106.3
296731 434916
405388 385327
288114 444845
502210 275005
43473.7 713489
636377 128505
658357 89519.6
578153 159969
388986 391272
528824 258895
625179 139283
654395 124878
579230 157239
386612 396494
279983 473349
285727 464089
386707 395784
118478 634143
741131 48116.3
31275.3 733914
543547 200895
268936 494908
372804 408823
272128 474777
235827 512373
460522 281773
379716 406564
646594 128219
