1231.11 83611.2
31406 43085.3
83572.1 1231.11
2553.58 72173.4
61579.8 17146
6551.53 68442.6
1340.47 79984.6
16060.4 64751.6
42838.3 32269.7
59296.7 21926.8
77075.2 4560.76
80857.4 2623.08
1842.89 74367.8
29007.7 51191.4
19333.2 56961.3
35476.4 42967.5
67867.3 12083.5
76923 4563.81
73233.7 5399.89
38969.4 40878.1
42023.9 34486.9
30162 47515.4
39819.4 36736.7
54314.7 26614.8
12613.2 67112.8
45662.5 32142
53334.3 28467.2
59478.6 17444
37201.1 41450.2
6119.7 70701.3
70051.6 7616.46
40138.9 36690.7
61240.2 17202.5
74403.4 5282.9
30176.3 46678.2
68000.4 9661.23
17785.9 61705.3
31033.2 46422.4
42006.6 36042.4
30482.2 46613.8
6052.52 71812.3
1524.37 76369.6
79893.6 2860.78
65724.3 13612.2
49658.3 31237.4
72083 5616.59
1241.43 82542.6
24170.5 55873
70220.5 7220.42
55384.9 22235.9
77090.3 3279.01
29716 47762.2
18765.1 59951
26633.1 52700.9
68692.4 8976.19
71874.8 6544.92
69486.4 8749.61
70853.9 6838.78
77574 2860.78
17115.5 61855.8
69941.3 8457.13
