733443 27883.6
319875 339581
14562.4 762732
318342 342911
511135 194737
266908 396644
402816 295841
468254 240167
174324 493108
516290 193234
313861 353717
90301.6 632940
376266 323465
550074 148266
488918 204324
624902 133925
169694 506390
114405 581263
119112 556979
615797 144283
614454 146375
628775 118178
169403 507496
229344 476974
517919 182919
161234 515859
19644.8 667364
546971 148440
154279 529634
167800 511264
57352.8 644516
14688.4 695191
399011 305493
708595 37433
536910 153011
130617 549279
532783 159809
688496 48638.3
95783.1 590662
116756 569863
504467 196262
256119 426342
115016 570697
664709 66571.7
630878 77895.8
92270.1 607045
639448 77661.7
117323 568680
376619 321774
