1427.92
1417.17
1332.27
1332.27
1332.27
1332.27
1332.27
1327.89
1327.89
1270.37
1263.27
1186.32
1186.32
1186.32
1186.32
1186.32
1186.32
1186.32
1186.32
1186.32
1186.32
1186.32
1186.32
1186.32
1186.32
1185.76
1185.76
1148.82
1148.82
1148.82
1144.54
1144.54
1144.54
1144.54
1144.54
1144.54
1144.54
1144.54
1144.54
1144.54
1144.54
1144.54
1121.31
1121.31
1121.31
1121.31
1121.31
1121.31
1120.53
1120.53
1120.53
1120.53
1120.32
1120.32
1114.37
1114.37
1107.48
1107.48
1078.35
1078.35
1068.93
1068.93
1068.93
1068.93
1068.93
1068.93
1068.93
1068.93
1052.35
1039.29
1039.29
1039.29
1036.38
1036.38
1035.44
1030.9
998.691
998.691
998.691
998.691
998.691
998.691
998.691
998.691
998.691
998.691
998.691
998.691
982.188
981.212
981.212
963.805
963.805
963.805
963.805
963.805
963.805
963.805
963.805
927.393
