233429
226215
226215
225693
225693
220856
220856
220856
220856
220856
220856
218490
218490
213853
213853
213843
213642
209626
205328
202418
198561
198561
195649
195649
195649
195649
195649
195649
195649
195649
195649
191481
189827
189827
189827
189827
189522
186062
186062
183408
180812
180812
180812
200088
200088
200088
200088
200088
200088
177079
177079
177079
177079
174231
174231
172616
172616
172616
172616
171934
171934
171934
171861
171861
171861
171861
171861
170792
169897
169897
169897
169169
165050
165050
165050
165050
165050
165050
164805
164805
164343
164343
164343
162206
161581
161581
161581
161581
161581
161581
161581
161581
161581
161581
158335
158335
158335
158335
158335
158335
