5362.2 730867
481942 197383
688121 36133.4
481825 201159
277414 458222
472829 210254
584581 147699
669108 55947.4
499076 187771
10315.4 711318
33992.8 698757
510237 177462
396922 336165
495410 192556
464568 273696
80265.1 654416
133455 566117
542583 152113
495266 197275
552240 147867
359659 368849
418509 306941
400078 320379
110313 635100
507222 187062
616774 97485.2
117691 622242
252368 490132
299030 418909
437749 283620
384811 343401
522951 177088
206932 528294
638160 83376.7
337602 403102
337474 405036
670158 49871.4
540544 158304
337550 403191
236929 497881
434126 288564
539890 160665
355867 377266
204883 542246
181560 554787
43228 690312
619670 84437.9
536030 175373
50673.6 666622
292531 448743
233373 505928
651377 71535.7
391003 336336
39407 694339
93310.2 641207
251711 490407
369374 346917
449539 274286
