31703.8 3217.42
8824.1 22451.2
149.375 33082.9
8607.69 22934.7
1740.28 31843.7
8492.35 23106.4
27724 6375.07
3478.61 29709.8
9250.16 22377.3
27834.8 5645.75
26513.6 6789.16
8554.87 23096.9
11127.4 22354.6
3825.07 27833.1
22155.8 10520
25709.8 7763.94
12477.8 20008.8
12136.9 21314.6
21945.2 10840.4
16033.2 15956.3
8044.99 24032.8
3788.16 28099.2
25204.1 9195.41
13678.3 18538.2
5497.55 26843.1
4155.93 27746
24429.4 9532.49
12104.4 21610.9
7079.68 25778.2
3688.22 28235.9
12461 21268.7
22452.9 10429.6
24772.4 9464.88
19553 12898.2
20383 11877.1
24195.1 9903.71
3738.65 28225.4
7110.5 25541.1
13538.1 19581.1
3669.63 28809
19991.2 12825.4
6348.39 25954.8
5546.57 26510.3
11456.6 22190.3
3674.31 28655.4
7324.6 24814.7
18517.4 15638.6
6130.61 26497.4
13643.6 19194.7
23535.9 10047.4
7091.24 25735.6
19202.7 13542.5
11946.6 21905.7
26340 7019.65
3579.84 29282.4
6672.69 25835.3
24286.9 9684.21
7606.41 24578.8
