42610.2
42610.2
41786.3
41786.3
41320.1
41320.1
41320.1
41245.7
41229.4
39729.5
39729.5
39729.5
39729.5
39729.5
39697
39697
38984.8
38984.8
38984.8
38765.9
37975.5
37975.5
37975.5
37975.5
37975.5
37927.9
37571.9
37571.9
37045.7
37045.7
37045.7
36881.2
36363.9
36363.9
36342
36342
36342
36342
36342
35709.5
35709.5
35520.3
35516.4
35516.4
35319.2
35319.2
35031.4
35031.4
35031.4
34676.7
34676.7
34381.9
34381.9
34381.9
34381.9
34381.9
34381.9
34381.9
34035.7
34035.7
33858.4
33858.4
33688.6
33503.8
33503.8
32479.8
32479.8
32479.8
32479.8
32479.8
32479.8
32479.8
32479.8
32479.8
32479.8
32479.8
32301.5
32301.5
32301.5
32301.5
32301.5
32301.5
32054.9
32025.2
32025.2
31901.9
31901.9
31901.9
31901.9
31855.2
31855.2
31765.8
31765.8
31765.8
31765.8
31604.1
31604.1
31604.1
31542.4
31275.3
