1.00495e+06
1.00495e+06
1.00335e+06
1.00335e+06
992947
971975
971975
971975
971025
971025
970450
970450
958119
958119
955746
955746
941512
941512
941512
933654
933654
933654
933654
921773
912345
912345
912071
911382
911382
901518
901518
895329
895329
895329
894870
894870
894870
888548
885965
881209
878102
872272
866121
854893
854893
854893
854893
854893
854893
854893
854893
854893
854893
854893
854893
854893
850767
850767
842639
842639
839935
839935
839935
839935
839935
839935
839935
839935
839935
838663
838663
829059
829059
814625
814625
814625
807215
807215
807215
807215
806396
795106
794893
791971
778811
778811
774833
774833
774833
774833
768807
768807
768807
765571
765571
765571
765571
765571
765571
765571
