1.27647e+06 62566.1
476713 763419
12910.7 1.31495e+06
331928 921798
648127 612364
655649 598204
59034.6 1.2872e+06
238274 1.07578e+06
752726 503463
76240.6 1.21438e+06
106707 1.19485e+06
939645 400069
892365 455668
266764 1.0237e+06
387310 918621
415871 849452
389935 899602
1.01843e+06 324015
307179 959031
261550 1.03105e+06
347470 919004
453952 835697
412910 853981
741054 536674
699244 567791
751016 517854
152098 1.14471e+06
29290.5 1.31039e+06
45625.5 1.29753e+06
420557 848654
1.20004e+06 147718
646449 642530
409601 859696
94521.7 1.19877e+06
587464 682566
329415 940677
697118 593961
467111 820671
317952 958913
1.02237e+06 291607
138271 1.1609e+06
1.2381e+06 88525.6
829479 470410
151001 1.15379e+06
524910 756824
812023 492462
1.19013e+06 151975
1.06107e+06 259015
1.14227e+06 178690
642479 657823
217871 1.11357e+06
318314 958304
1.11988e+06 208568
1.10863e+06 210296
775633 502213
1.22865e+06 100637
1.09678e+06 240496
1.1585e+06 165389
523290 762129
1.13914e+06 180899
788782 500811
