1476.48 576197
23766.3 544912
587704 5858.23
27460.4 541350
585779 6621.96
461116 135643
542492 27460.4
495644 104413
523330 79747.9
379037 223836
333189 268310
122194 474326
542482 29214.7
403492 192312
536319 35636.5
497929 91272.6
423281 160011
106257 476063
154318 438060
345592 242301
96398.9 498788
205015 382821
225455 356711
482823 112071
299037 284600
566012 18882.4
547955 26891.7
305338 277064
474279 118419
504602 83195
260417 327502
18709.8 569643
307258 268667
302107 283490
23126.2 559040
576862 6799.91
184790 405163
101515 483888
202966 385832
233053 345641
227959 348635
283488 297433
179395 412349
286725 290790
379321 208307
192287 394970
553239 24247.6
137202 445839
279663 311675
280030 306758
135361 446639
268656 322962
460039 137721
374897 223968
178989 414061
163558 421358
345614 234588
290838 287579
