1.48811e+06
1.48811e+06
1.47969e+06
1.47969e+06
1.47969e+06
1.46459e+06
1.46459e+06
1.4422e+06
1.4422e+06
1.43168e+06
1.43168e+06
1.43168e+06
1.41385e+06
1.41385e+06
1.41385e+06
1.41385e+06
1.41385e+06
1.4128e+06
1.4128e+06
1.4128e+06
1.40707e+06
1.40707e+06
1.40593e+06
1.40593e+06
1.39324e+06
1.38651e+06
1.38651e+06
1.38651e+06
1.38651e+06
1.37889e+06
1.37267e+06
1.37267e+06
1.36391e+06
1.36391e+06
1.36253e+06
1.35741e+06
1.35652e+06
1.34852e+06
1.34761e+06
1.34667e+06
1.33815e+06
1.33815e+06
1.337e+06
1.32831e+06
1.32831e+06
1.32831e+06
1.32587e+06
1.31697e+06
1.31697e+06
1.3131e+06
1.31143e+06
1.3096e+06
1.3059e+06
1.3059e+06
1.29416e+06
1.29416e+06
1.29416e+06
1.29049e+06
1.28458e+06
1.28458e+06
1.28458e+06
1.28362e+06
1.28362e+06
1.28052e+06
1.2707e+06
1.2707e+06
1.2707e+06
1.2707e+06
1.2707e+06
1.26284e+06
1.26284e+06
1.26284e+06
1.26284e+06
1.2579e+06
1.2579e+06
1.2579e+06
1.25454e+06
1.25454e+06
1.25452e+06
1.24988e+06
1.24988e+06
1.24988e+06
1.22994e+06
1.22994e+06
1.22994e+06
1.22994e+06
1.22677e+06
1.22677e+06
1.22515e+06
1.22515e+06
1.22515e+06
1.22515e+06
1.22329e+06
1.22329e+06
1.22232e+06
1.22232e+06
1.21743e+06
1.21463e+06
1.21463e+06
1.21463e+06
