735807
735807
735807
731024
724513
710018
698555
698555
698555
674663
674663
674663
674663
674663
674663
671718
671718
671718
671718
671718
671718
671718
666333
666333
666333
666333
666333
655757
655757
651052
651052
651052
651052
651052
650841
647070
647070
646350
646350
646350
642178
642178
640744
634986
634986
631947
624357
624357
623977
623977
619231
605866
605866
605866
605866
604677
604677
603501
602630
602630
595062
583144
583144
583144
583144
583144
583144
581336
581336
573880
573880
569718
565816
565816
565816
565783
565783
565783
560141
554380
554380
554380
554380
554022
554022
554022
551137
551137
549900
549900
545477
543747
543747
543747
542469
535520
535520
535520
535520
535520
