1.27264e+06 27939.8
746302 481799
5700.88 1.29237e+06
765054 466504
598542 674045
756441 477639
888077 434267
769190 465011
1.02966e+06 292450
753990 480476
155847 1.1627e+06
746213 489253
220264 1.04579e+06
1.23959e+06 67977.4
756021 480257
528276 733100
983118 350069
684488 587727
89662.9 1.1712e+06
21018.6 1.28044e+06
1.18177e+06 96788.1
1.04168e+06 278483
281253 1.03531e+06
347443 951081
806489 455414
299548 994047
916283 375629
435628 819117
1.2407e+06 56401.2
388243 916499
924623 371055
412877 829276
456732 786095
56365.5 1.22205e+06
49528.3 1.25649e+06
1.26515e+06 37442.1
37970.1 1.2749e+06
744576 500163
743308 501741
326120 971343
479183 778308
741939 503620
80875.9 1.20482e+06
448237 798162
1.05715e+06 273379
1.10932e+06 138905
440138 806302
720998 550332
683465 591257
1.11975e+06 136436
447287 801875
442337 804823
709154 569965
682728 592542
730433 517137
1.02317e+06 294569
788346 459392
500311 753143
299127 994576
1.14974e+06 115067
725394 530521
912013 397175
464053 785237
455563 795205
741869 508902
1.22491e+06 69774.3
