809249 21783.9
217406 554383
6693.95 813661
720007 53930
571918 240415
13037.1 761406
678848 137389
212340 562147
160038 642111
258960 538152
419057 390832
205094 586483
332146 514976
694752 134175
618616 210578
451346 377384
362635 422573
89040.6 689198
303280 526125
211048 579642
51595.5 747493
755073 47767.5
472910 372526
520484 264397
715386 97579.3
94745.7 685867
405898 416579
237149 550000
462588 372615
9730.29 777740
93094.1 687256
276420 526698
498316 287217
338526 453039
344968 445308
36802.4 748679
159775 653693
341908 451216
542490 248516
354359 445180
795468 25151.5
608010 211990
737326 48068.5
618683 199449
488757 361742
94624.1 687156
357120 437584
168643 631380
120171 675091
358101 430408
438690 385015
531802 259321
