988258
988258
987405
980073
980073
977274
973864
968102
968102
955201
951736
949220
935547
927428
924640
924640
924640
913032
903659
903571
898948
890301
888919
888919
888825
888825
888825
883751
883751
883751
883751
883438
880823
878605
878605
866008
866008
866008
866008
866008
860901
860901
860710
860710
853341
853341
853341
853341
843771
838653
828862
828862
828862
826805
826805
826805
826805
826805
826805
826805
826805
823276
812953
812953
812953
812953
812953
807892
805799
804521
804160
804160
804160
801618
800485
800485
791917
791917
791917
791917
790691
790691
790691
790691
790691
790691
790691
779984
777624
777624
777624
777624
776151
776151
774754
774754
774754
771789
771789
771789
