744763
744763
744763
744763
744763
744763
744763
729048
729048
726005
726005
710405
710405
709057
709057
699899
691157
689067
689067
689067
686292
686292
685793
682032
682032
668591
662103
660685
660293
660293
647151
647151
647151
641197
641197
641197
641197
637128
637128
637128
637128
624230
624230
620752
620752
620752
620016
620016
620016
614391
614391
612728
612728
612728
585742
585742
585742
585742
585742
585742
583211
582367
580946
574876
574876
574876
570560
570560
570560
570560
570560
568337
568337
563473
563473
557870
547964
547964
547964
547964
547964
547964
547964
542122
542122
542122
533075
533075
533075
533075
533075
533075
533075
533075
533075
533075
527518
527518
520183
520183
