347.334 67630.7
31795.6 36076.5
69672.6 347.334
65325.9 5556.77
3442.71 64563.9
48891.1 24291.6
4257.46 64285.1
35306.6 34295.8
33962 34644.9
4890.77 64084.2
16553.5 54678.2
41128.6 32148.9
21434.4 52002.3
10484.6 61384.1
46112.9 27477.9
54029.8 14837.9
13115.1 58674.6
28845.4 40583.3
64624 6578.2
36637.8 34165.5
41388.8 31401
21690.9 51293
52527.7 19365.8
45615.8 29291.5
22703.3 50098
18211.6 52214.4
26097.9 43299.5
66167.6 4565.39
48353.2 25448.2
51011 20124.2
23221.8 49127.6
56418.6 13442.9
60047.2 10671.9
25959.3 46778.4
28629.1 41149.4
47063.8 26071.2
9049.43 61720.3
59991.2 12485.8
45608.9 29539.2
25589.4 47116.3
14457.1 57120.8
16520.5 55797.3
22541.3 50199.3
65368.4 5464.28
21653 51410.2
14968.9 56637.3
22311.6 51064.3
