19879 602344
497688 76734.8
567218 58400
498589 76444.6
336233 255021
499528 75980.7
553305 60190.9
160288 415636
45854.3 578192
501648 74283
455305 147614
508234 67857.6
45289.5 579921
156126 435742
425485 167310
501585 75264.2
251296 346292
504378 72634.5
403648 194200
506759 70311.2
209584 392463
465094 125599
396794 196206
496801 118814
248445 347709
150944 452435
48163.7 546685
110537 492130
33831.4 592061
82888.1 496866
365130 228405
53133.1 526834
134792 464574
293002 333667
48392.7 542758
63083.5 519868
463910 142113
519971 63253.4
178464 404557
367715 220511
407958 172895
358822 233793
381607 205366
421312 168924
210964 376889
355805 238815
137588 462298
107237 493723
370314 211103
45960.3 569980
369923 217286
255769 335343
409203 172661
518789 65490.1
516849 66866.6
495142 119731
548312 60604.4
49289.2 540031
50257.3 536577
