590222
590222
586203
582167
582167
573460
570761
565306
561015
561015
561015
548255
548255
548255
536005
536005
533004
532345
527206
527206
527206
519875
519875
512322
512322
512322
512322
512322
512322
511579
509850
506023
506023
506023
504675
504675
503862
502378
495835
495835
495835
495835
490334
490334
490334
490334
486480
486222
480720
480720
480720
479306
476451
476451
476451
476451
476451
473355
469654
467776
467776
467776
467575
462239
462239
461903
459641
459641
459641
459641
454816
454816
454816
454816
454816
454816
451945
446679
446679
444692
442654
438351
438351
438351
438351
438351
438351
438351
438351
438080
438080
436485
436485
428945
428945
428945
428945
428945
428945
428945
