513500
509079
481434
473448
473448
473448
473448
473448
473448
473448
466743
456632
456632
456632
456632
433099
433099
433099
433099
433099
433099
433099
433099
433099
433099
432821
431570
430703
428492
428492
428492
428492
407771
407771
407771
405051
405051
398766
398766
398766
398766
398766
398766
390152
390152
388837
388837
388837
384397
375341
375341
375341
373566
373566
359280
359280
359280
359280
359280
359280
359280
350688
350688
350688
350688
350688
350688
350688
344145
344145
344145
344145
339526
339526
339526
338956
338956
338956
338956
338956
333384
330807
330807
330807
328110
322088
322088
322088
322088
322088
322088
322088
319239
319239
316696
316696
315663
308461
308461
308461
