1190.51 41
192.181 748.996
20.025 1030.63
1042.53 94.6121
495.824 469.454
981.048 161.897
591.762 381.745
878.913 199.073
106.728 936.07
299.077 679.259
696.993 364.366
821.408 277.1
120.212 873.502
1016.77 98.7062
550.613 443.681
876.326 267.895
663.992 379.147
917.357 175.055
130.935 868.742
877.394 256.984
584.218 417.971
177.54 850.277
457.305 597.272
542.641 463.624
402.037 653.966
50.8882 954.363
289.928 738.778
453.273 620.242
736.936 318.495
476.435 547.078
766.252 283.438
116.533 935.289
67.7198 947.964
958.826 165.444
182.568 836.223
296.516 722.301
712.333 344.71
151.82 868.285
24.6753 1014.36
451.935 653.24
754.403 305.117
801.516 281.374
