4236.52 554658
263667 280358
538353 17481.2
485364 58720.6
100661 486809
44804.4 502682
170085 412348
10829.1 537257
176568 402288
279829 269253
143404 413058
259192 290226
523149 37402.1
439726 136865
468174 91532.7
109314 451205
24621.2 528236
334990 253096
75842.5 486851
10295.1 542468
368595 195950
20243 532591
243160 323618
319825 256361
465377 111320
393034 190268
286560 267066
320590 255640
285250 268404
285250 268404
465061 111702
536855 34359.2
39694.6 527631
285183 268929
371423 192359
122633 446079
234893 329482
443217 136560
286394 268338
345801 215898
184982 382016
452830 114390
363666 198657
406749 172434
470522 88637.1
258789 298836
7928.7 548255
195784 360745
208756 347600
216599 342293
336630 250319
204286 357848
297530 266389
237222 328121
509309 47299.2
215577 345704
514685 45885.6
503032 53943.8
137481 420648
253725 322804
518472 38767
415149 145103
192318 367601
449198 115618
