172187 4332.28
25932.3 134029
4214.11 166493
16571 144708
161173 11373.6
131492 29987.1
98454.1 74086.8
141583 19930.5
37483.2 133037
11586.3 149929
79653.8 91618.2
12546.3 149197
123574 46073.3
137125 24667
88452.8 83680.5
102285 67562
21423.1 140716
169543 6721.96
19047.6 143217
50589.3 116854
135649 26727.1
151065 15509.8
136036 26427.1
39534.3 124655
20387.7 142150
113726 53310.3
15508.8 147081
65207 104276
23521.1 139106
154393 15250.3
138239 24396.8
166327 8623.35
107147 63902.8
136401 26290.8
134598 29914.9
9283.8 157615
137106 25683.3
128283 41841.9
23316.6 139585
63402.1 108529
60034.4 112302
22765.7 140274
72247.5 99240.4
111617 56918.6
100969 68428
67331.5 99397.9
144392 18861.1
91248.3 76898.6
111113 60219.8
105156 65780.3
4738.87 158738
59339.7 114237
84882 86830.6
60835.5 109952
88728.6 82099.4
18964.6 144649
14824.1 148800
15179.3 148546
14798.5 149104
64640.9 104969
88089.1 86554.2
156182 13797.7
73245.6 92886.8
10500.8 153979
25921.8 138714
117493 48890.5
