305022
305022
300723
300723
300723
295754
295754
295754
290784
290784
290784
290784
290784
290523
290523
290523
286332
286332
286332
286332
285772
285772
284884
284884
276494
276494
276494
276494
276494
276133
276133
274719
262625
262625
262625
262625
262625
262625
261169
261169
260635
260635
258372
258372
258372
254637
254637
254637
254637
253411
253411
253411
253411
252588
252588
248133
248133
246864
246864
246208
246208
246208
246208
242853
242853
242853
242506
242506
242506
242506
239078
239078
239078
238611
238611
238593
237547
237547
237547
235717
235717
235717
233724
232752
232752
229951
229951
228658
228658
228658
228658
226092
226092
226092
226092
226092
226092
225690
225690
222243
