233591
232936
232936
232936
227114
227114
225329
224962
224962
218150
218150
218150
218123
217107
214051
214051
209006
209006
207467
207467
207467
207467
207467
207467
207254
204042
203621
202385
200606
200606
200606
199307
197956
197956
195585
193696
193696
193696
191720
191720
191720
188410
188410
188410
188410
188410
188410
188410
188410
186564
185436
185436
184687
182509
181453
181453
181453
181453
181453
181388
181388
181388
181388
180516
179311
179311
179311
176598
176598
176598
176598
176598
176598
176598
176598
172617
172617
172617
172617
172617
172617
172617
172617
171749
170851
170851
170851
170742
170742
170591
169363
169363
169363
169363
169363
167552
167552
167552
163486
163486
