566154
566154
566154
566154
562932
562932
555984
555984
554974
554974
554974
554717
549964
546770
546770
540211
538391
525484
516661
515986
515986
515986
515986
515986
514892
514892
513093
513093
507844
507844
507844
501055
501055
501055
501055
501055
500418
493839
493839
493839
493839
491177
491177
491177
488425
486489
485650
484365
484365
482168
481984
481984
478168
478168
478168
474887
474887
472521
472521
470767
470767
467515
467515
467515
467515
467515
464175
464175
464175
464175
463454
459629
459629
459629
459629
459629
459629
455744
454073
454073
453243
453243
453243
453243
453243
453243
452905
447388
446863
446863
446863
445745
445745
445745
445745
443656
443656
439176
439176
439176
