1.28124e+06 10417.5
530661 683970
1.28477e+06 9038.4
516733 700700
9876.12 1.29325e+06
513193 704621
462003 829027
514322 703624
213338 1.08856e+06
1.14372e+06 76073.7
110185 1.17687e+06
511805 709386
827220 489164
528703 693614
1.18765e+06 72872.6
769545 549206
524298 698993
1.23784e+06 38367.6
528689 694645
32760.6 1.23399e+06
1.09504e+06 169207
528331 695629
771277 544642
329722 895433
261351 990087
203884 1.10014e+06
931168 334913
923723 342763
511058 718885
1.06865e+06 224357
493197 776955
317085 941015
38026.1 1.20025e+06
721453 561149
920383 367786
1.10211e+06 133424
1.0913e+06 180453
591290 675231
334515 895002
406456 859154
640730 629276
656934 572765
251698 1.0116e+06
336145 893638
642983 618900
508208 721924
507576 725173
405052 872166
117394 1.15003e+06
497140 733516
355851 874904
626025 629651
720066 569359
881784 430116
1.11558e+06 132060
263675 969233
905193 408421
593358 659870
609402 642727
304624 958955
552631 682657
842229 459384
81922.6 1.1892e+06
10417.5 1.2869e+06
