1.02579e+06
1.02579e+06
1.02579e+06
1.02579e+06
1.02579e+06
1.01325e+06
1.01325e+06
1.01325e+06
995314
995314
989002
988883
978587
978587
975197
975197
975197
975197
963445
951095
944173
944173
944173
943698
940418
928616
928616
919712
917737
912651
912651
911833
910369
907079
906474
890856
890856
890856
881950
878159
878159
878159
878159
878159
870743
870743
869789
869789
869789
859498
859498
859498
859498
859498
856112
854499
854499
850690
850690
841600
841600
831591
831591
830131
830131
830131
829583
829583
820168
820168
820168
820168
819576
815449
815449
815449
814695
813237
813237
808183
808183
808183
806393
801388
801388
798794
798794
798794
798794
798794
798794
795279
793967
793967
790841
786345
784158
780962
771882
771882
