42295
41909.7
41909.7
41867.9
41253.3
41253.3
41253.3
40652.1
40652.1
40556.7
40064
39872.4
39327.2
39327.2
39327.2
39327.2
39200.4
39200.4
39197.1
38252
38252
38252
38252
38252
38252
38252
38252
37398.7
37398.7
37398.7
37398.7
37398.7
36841.2
36324.7
36324.7
36216.9
36216.9
36216.9
36216.9
35760.6
35760.6
35335.9
35335.9
35335.9
35335.9
35285
35285
35148.8
34450.2
34395.7
34242.5
34188.2
34188.2
34188.2
33783.9
33783.9
33783.9
33783.9
33783.9
33783.9
33783.9
33783.9
33783.9
33762.2
33533.8
33533.8
33298.5
33298.5
33298.5
33298.5
33002.3
32847.4
32847.4
32847.4
32847.4
32847.4
32847.4
32847.4
32727.8
32679.5
32679.5
32590.4
32590.4
32590.4
32492.8
32492.8
32429.7
32069.3
32069.3
32069.3
32069.3
32069.3
31936.7
31893.8
31834.7
31757.4
31757.4
31612.2
31612.2
31612.2
