0 63287.7
800 41785
91818.2 1312.53
142207 600
388959 21000.6
49544.9 30750.4
400 51189.2
28855.5 34093.8
1771.84 41597.3
71030.4 13220.4
73280.5 3272.62
700 44270.4
65818.6 20814.1
66440.5 18664.8
69457.4 15056.5
75455.4 2989
88435 1639
37406 44780.3
68089.5 15388.7
57502.6 24605.8
67320.5 16748.8
98436.6 53367
27334 59778.9
5107.96 76931.2
320680 66232.8
99263.5 187110
2765.69 45611
187685 43659.5
102817 45755.8
111358 90025.1
5473.93 118080
160639 72290.5
60748.5 250678
10114.3 70424
19474.9 191995
265428 156936
2126.21 68091.3
1782.84 367722
70657.5 106155
200371 180364
3322.3 108760
84430.4 105316
129811 236861
116431 167456
122428 126067
1915.69 68565.7
112335 291863
28639.7 349567
198605 209506
42918.3 315712
73929.3 314792
2397.62 109999
160798 221265
111716 304989
1032.46 58061.1
9997.7 369419
155215 230343
3845.44 375225
4578.59 146106
12082.8 139290
700 150931
3369.35 148281
6436.25 145562
30363.7 121863
54905.3 97562.9
142175 10341.4
2435.56 150616
94258.9 58899
1048.53 152735
2905.12 150952
2850.92 151317
118301 37005.4
100253 55961.6
4865.69 151855
3878.55 153723
4233.38 154661
91910 67958.3
84531.2 75788.4
142352 18041
2435.56 158129
1500 159498
16532.7 144628
3737.18 158125
43020.6 118946
37041.7 125371
2274.23 160629
11869.2 151331
114450 50556.3
65637.9 100314
118045 47941.6
46967.7 119675
2357.08 164690
84325.9 82774.8
134064 34690.5
3947.66 165865
5090.67 164744
1966.03 168056
43337.2 128591
0 172408
41092.3 133024
