301430
300119
298932
298932
296080
296080
294389
293122
293122
291990
289966
289073
287261
287261
287261
286534
286534
277722
277722
277722
277722
277722
277162
274893
270186
270186
267337
267337
267337
267337
267317
266689
266689
264078
263551
263551
258233
258233
258233
258233
256728
256251
256251
256251
255924
255924
253705
253705
252723
251558
251558
251558
251558
250157
250157
248888
248888
248888
248324
246461
245589
245589
243444
243444
243444
243444
243444
243444
243357
242191
242191
242191
242191
242191
240555
240555
240302
240262
240166
238971
238913
236782
236782
236782
236782
236782
236782
234896
234896
234896
234896
234896
234896
233892
230828
230828
230828
230828
230828
230828
