522077
522077
517561
512914
497683
497683
493495
493495
493495
485188
481014
481014
479996
479996
472255
463950
457153
457153
457153
451872
448643
448643
448643
448643
444802
439589
439589
439589
439589
439589
435330
434445
433648
431694
420547
420547
420547
420547
420547
420547
420547
416988
415543
414765
414765
414765
414318
413398
404504
404504
403166
403166
403166
403166
403166
395045
395045
395045
392112
392112
391967
391967
391967
391967
391967
381919
381919
381919
381919
381919
381919
381919
381919
381919
381919
381919
381919
378168
378168
378168
378168
376512
376512
376512
375412
351164
351164
351164
351164
351164
351164
351164
351164
351164
351164
351164
351164
351164
351164
351164
